Date, Open, High, Low, Close, Volume
06/01/22, 149.90, 151.74, 147.68, 148.71, 74286641
05/31/22, 149.07, 150.66, 146.84, 148.84, 103718398
05/27/22, 145.39, 149.68, 145.26, 149.64, 90978492
05/26/22, 137.39, 144.34, 137.14, 143.78, 90601555
05/25/22, 138.43, 141.785, 138.34, 140.52, 92482703
05/24/22, 140.805, 141.97, 137.33, 140.36, 104132703
05/23/22, 137.79, 143.26, 137.65, 143.11, 117726305
05/20/22, 139.09, 140.70, 132.61, 137.59, 137426094
05/19/22, 139.88, 141.66, 136.60, 137.35, 136095594
05/18/22, 146.85, 147.3601, 139.90, 140.82, 109742898
05/17/22, 148.86, 149.77, 146.68, 149.24, 78336250
05/16/22, 145.55, 147.5199, 144.18, 145.54, 86643773
05/13/22, 144.59, 148.105, 143.11, 147.11, 113990898
05/12/22, 142.77, 146.20, 138.80, 142.56, 182602000
05/11/22, 153.50, 155.45, 145.81, 146.50, 142689797
05/10/22, 155.52, 156.74, 152.93, 154.51, 115366703
05/09/22, 154.925, 155.83, 151.49, 152.06, 131577906
05/06/22, 156.01, 159.44, 154.18, 157.28, 116124602
05/05/22, 163.85, 164.08, 154.95, 156.77, 130525297
05/04/22, 159.67, 166.48, 159.26, 166.02, 108256492
05/03/22, 158.15, 160.71, 156.32, 159.48, 88966531
05/02/22, 156.71, 158.23, 153.27, 157.96, 123055297
04/29/22, 161.84, 166.20, 157.25, 157.65, 131747594
04/28/22, 159.25, 164.515, 158.93, 163.64, 130216797
04/27/22, 155.91, 159.79, 155.38, 156.57, 88063195
04/26/22, 162.25, 162.34, 156.72, 156.80, 95623242
04/25/22, 161.12, 163.17, 158.46, 162.88, 96046383
04/22/22, 166.46, 167.8699, 161.50, 161.79, 84882414
04/21/22, 168.91, 171.53, 165.91, 166.42, 87227766
04/20/22, 168.76, 168.88, 166.10, 167.23, 67929805
04/19/22, 165.02, 167.82, 163.91, 167.40, 67723828
04/18/22, 163.92, 166.5984, 163.57, 165.07, 69023938
04/14/22, 170.62, 171.27, 165.04, 165.29, 75329375
04/13/22, 167.39, 171.04, 166.77, 170.40, 70618930
04/12/22, 168.02, 169.87, 166.64, 167.66, 79265188
04/11/22, 168.71, 169.03, 165.50, 165.75, 72246711
04/08/22, 171.78, 171.78, 169.20, 170.09, 76575516
04/07/22, 171.16, 173.36, 169.85, 172.14, 77594648
04/06/22, 172.36, 173.63, 170.13, 171.83, 89058781
04/05/22, 177.50, 178.30, 174.415, 175.06, 73401789
04/04/22, 174.57, 178.49, 174.44, 178.44, 76545984
04/01/22, 174.03, 174.88, 171.94, 174.31, 78751328
03/31/22, 177.84, 178.03, 174.40, 174.61, 103049297
03/30/22, 178.55, 179.61, 176.70, 177.77, 92633148
03/29/22, 176.69, 179.01, 176.34, 178.96, 100589398
03/28/22, 172.17, 175.73, 172.00, 175.60, 90371922
03/25/22, 173.88, 175.28, 172.75, 174.72, 80546156
03/24/22, 171.06, 174.14, 170.21, 174.07, 90131422
03/23/22, 167.99, 172.64, 167.65, 170.21, 98062672
03/22/22, 165.51, 169.42, 164.91, 168.82, 81532008
03/21/22, 163.51, 166.35, 163.015, 165.38, 95811352
03/18/22, 160.51, 164.48, 159.76, 163.98, 123511695
03/17/22, 158.61, 161.00, 157.63, 160.62, 75615375
03/16/22, 157.05, 160.00, 154.46, 159.59, 102300203
03/15/22, 150.90, 155.57, 150.38, 155.09, 92964305
03/14/22, 151.45, 154.12, 150.10, 150.62, 108732094
03/11/22, 158.93, 159.28, 154.50, 154.73, 96970094
03/10/22, 160.20, 160.39, 155.98, 158.52, 105342000
03/09/22, 161.475, 163.41, 159.41, 162.95, 91454914
03/08/22, 158.82, 162.88, 155.80, 157.44, 131148297
03/07/22, 163.36, 165.02, 159.04, 159.30, 96418852
03/04/22, 164.49, 165.55, 162.10, 163.17, 83819594
03/03/22, 168.47, 168.91, 165.55, 166.23, 76678438
03/02/22, 164.39, 167.36, 162.95, 166.56, 79724750
03/01/22, 164.695, 166.60, 161.97, 163.20, 83474430
02/28/22, 163.06, 165.42, 162.43, 165.12, 95056633
02/25/22, 163.84, 165.12, 160.8738, 164.85, 91974227
02/24/22, 152.58, 162.85, 152.00, 162.74, 141147500
02/23/22, 165.54, 166.15, 159.75, 160.07, 90009250
02/22/22, 164.98, 166.69, 162.15, 164.32, 91162758
02/18/22, 169.82, 170.5413, 166.19, 167.30, 82772672
02/17/22, 171.03, 171.91, 168.47, 168.88, 69589344
02/16/22, 171.85, 173.34, 170.05, 172.55, 61177398
02/15/22, 170.97, 172.95, 170.25, 172.79, 64286320
02/14/22, 167.37, 169.58, 166.56, 168.88, 86185531
02/11/22, 172.33, 173.08, 168.04, 168.64, 98670688
02/10/22, 174.14, 175.48, 171.55, 172.12, 90865906
02/09/22, 176.05, 176.65, 174.90, 176.28, 71285039
02/08/22, 171.73, 175.35, 171.43, 174.83, 74829219
02/07/22, 172.86, 173.9458, 170.95, 171.66, 77251203
02/04/22, 171.68, 174.10, 170.68, 172.39, 82465398
02/03/22, 174.48, 176.2399, 172.12, 172.90, 89418070
02/02/22, 174.745, 175.88, 173.33, 175.84, 84914258
02/01/22, 174.01, 174.84, 172.31, 174.61, 86213914
01/31/22, 170.16, 175.00, 169.51, 174.78, 115541602
01/28/22, 165.71, 170.35, 162.80, 170.33, 179935703
01/27/22, 162.45, 163.84, 158.28, 159.22, 121954602
01/26/22, 163.50, 164.3894, 157.82, 159.69, 108275297
01/25/22, 158.98, 162.76, 157.02, 159.78, 115798398
01/24/22, 160.02, 162.30, 154.70, 161.62, 162706703
01/21/22, 164.415, 166.33, 162.30, 162.41, 122848898
01/20/22, 166.98, 169.68, 164.18, 164.51, 91420523
01/19/22, 170.00, 171.08, 165.94, 166.23, 94814992
01/18/22, 171.51, 172.54, 169.405, 169.80, 91168727
01/14/22, 171.34, 173.78, 171.09, 173.07, 80440781
01/13/22, 175.78, 176.62, 171.79, 172.19, 84505758
01/12/22, 176.12, 177.18, 174.82, 175.53, 74805172
01/11/22, 172.32, 175.18, 170.82, 175.08, 76138312
01/10/22, 169.08, 172.50, 168.17, 172.19, 106765602
01/07/22, 172.89, 174.14, 171.03, 172.17, 86709148
01/06/22, 172.70, 175.30, 171.64, 172.00, 96903961
01/05/22, 179.61, 180.17, 174.64, 174.92, 94537602
01/04/22, 182.63, 182.94, 179.12, 179.70, 99310438
01/03/22, 177.83, 182.88, 177.71, 182.01, 104701203
12/31/21, 178.085, 179.23, 177.26, 177.57, 64062262
12/30/21, 179.47, 180.57, 178.09, 178.20, 59773008
12/29/21, 179.33, 180.63, 178.14, 179.38, 62348930
12/28/21, 180.16, 181.33, 178.53, 179.29, 79144336
12/27/21, 177.085, 180.42, 177.07, 180.33, 74919586
12/23/21, 175.85, 176.8499, 175.27, 176.28, 68356570
12/22/21, 173.04, 175.86, 172.15, 175.64, 92135297
12/21/21, 171.555, 173.20, 169.12, 172.99, 91185914
12/20/21, 168.28, 170.58, 167.46, 169.75, 107499102
12/17/21, 169.93, 173.47, 169.69, 171.14, 195923391
12/16/21, 179.28, 181.14, 170.75, 172.26, 150185797
12/15/21, 175.11, 179.50, 172.3108, 179.30, 131063297
12/14/21, 175.25, 177.74, 172.21, 174.33, 139380406
12/13/21, 181.115, 182.13, 175.53, 175.74, 153236984
12/10/21, 175.205, 179.63, 174.69, 179.45, 115402703
12/09/21, 174.91, 176.75, 173.92, 174.56, 108923695
12/08/21, 172.125, 175.96, 170.70, 175.08, 116998898
12/07/21, 169.08, 171.58, 168.34, 171.18, 120405398
12/06/21, 164.29, 167.8799, 164.28, 165.32, 107497000
12/03/21, 164.02, 164.96, 159.72, 161.84, 118023102
12/02/21, 158.735, 164.20, 157.80, 163.76, 136739203
12/01/21, 167.48, 170.30, 164.53, 164.77, 152423016
11/30/21, 159.985, 165.52, 159.92, 165.30, 174048094
11/29/21, 159.37, 161.19, 158.7901, 160.24, 88748227
11/26/21, 159.565, 160.45, 156.36, 156.81, 76959750
11/24/21, 160.75, 162.14, 159.64, 161.94, 69463617
11/23/21, 161.12, 161.80, 159.0601, 161.41, 96041906
11/22/21, 161.68, 165.70, 161.00, 161.02, 117467906
11/19/21, 157.65, 161.02, 156.5328, 160.55, 117305602
11/18/21, 153.71, 158.67, 153.05, 157.87, 137827703
11/17/21, 150.995, 155.00, 150.99, 153.49, 88807000
11/16/21, 149.94, 151.488, 149.34, 151.00, 59256207
11/15/21, 150.37, 151.88, 149.43, 150.00, 59222801
11/12/21, 148.43, 150.40, 147.48, 149.99, 63804008
11/11/21, 148.96, 149.43, 147.681, 147.87, 40999953
11/10/21, 150.02, 150.13, 147.85, 147.92, 65187090
11/09/21, 150.20, 151.428, 150.0601, 150.81, 56787930
11/08/21, 151.41, 151.57, 150.16, 150.44, 55020871
11/05/21, 151.89, 152.20, 150.06, 151.28, 65463879
11/04/21, 151.58, 152.43, 150.64, 150.96, 60394621
11/03/21, 150.39, 151.97, 149.82, 151.49, 54511527
11/02/21, 148.66, 151.57, 148.65, 150.02, 69121992
11/01/21, 148.985, 149.70, 147.80, 148.96, 74588258
10/29/21, 147.215, 149.94, 146.4128, 149.80, 124953203
10/28/21, 149.82, 153.165, 149.72, 152.57, 100077906
10/27/21, 149.36, 149.73, 148.49, 148.85, 56094930
10/26/21, 149.33, 150.84, 149.0101, 149.32, 60893398
10/25/21, 148.68, 149.37, 147.6211, 148.64, 50720559
10/22/21, 149.69, 150.18, 148.64, 148.69, 58883441
10/21/21, 148.81, 149.64, 147.87, 149.48, 61420992
10/20/21, 148.70, 149.7539, 148.12, 149.26, 58418793
10/19/21, 147.01, 149.17, 146.55, 148.76, 76378891
10/18/21, 143.445, 146.84, 143.16, 146.55, 85589188
10/15/21, 143.77, 144.895, 143.51, 144.84, 67940328
10/14/21, 142.11, 143.88, 141.51, 143.76, 69907102
10/13/21, 141.235, 141.40, 139.20, 140.91, 78762719
10/12/21, 143.23, 143.25, 141.0401, 141.51, 73035859
10/11/21, 142.27, 144.81, 141.81, 142.81, 64452219
10/08/21, 144.03, 144.1781, 142.56, 142.90, 58773160
10/07/21, 143.06, 144.215, 142.72, 143.29, 61732660
10/06/21, 139.47, 142.15, 138.37, 142.00, 83221117
10/05/21, 139.49, 142.24, 139.36, 141.11, 80861055
10/04/21, 141.76, 142.21, 138.27, 139.14, 98322008
10/01/21, 141.90, 142.92, 139.1101, 142.65, 94639586
09/30/21, 143.66, 144.378, 141.28, 141.50, 89056656
09/29/21, 142.47, 144.45, 142.03, 142.83, 74602039
09/28/21, 143.25, 144.75, 141.69, 141.91, 108972305
09/27/21, 145.47, 145.96, 143.82, 145.37, 74150727
09/24/21, 145.66, 147.4701, 145.56, 146.92, 53477871
09/23/21, 146.65, 147.08, 145.64, 146.83, 64838168
09/22/21, 144.45, 146.43, 143.7001, 145.85, 76404336
09/21/21, 143.93, 144.60, 142.78, 143.43, 75833961
09/20/21, 143.80, 144.84, 141.27, 142.94, 123478898
09/17/21, 148.82, 148.82, 145.76, 146.06, 129868797
09/16/21, 148.44, 148.97, 147.221, 148.79, 68034148
09/15/21, 148.56, 149.44, 146.37, 149.03, 83281320
09/14/21, 150.35, 151.07, 146.91, 148.12, 109296305
09/13/21, 150.63, 151.42, 148.75, 149.55, 102404305
09/10/21, 155.00, 155.48, 148.70, 148.97, 140893203
09/09/21, 155.49, 156.11, 153.95, 154.07, 57305727
09/08/21, 156.98, 157.04, 153.975, 155.11, 74420211
09/07/21, 154.97, 157.26, 154.39, 156.69, 82278258
09/03/21, 153.76, 154.63, 153.09, 154.30, 57866070
09/02/21, 153.87, 154.72, 152.40, 153.65, 71171320
09/01/21, 152.83, 154.98, 152.34, 152.51, 80313711
08/31/21, 152.66, 152.80, 151.29, 151.83, 86453117
08/30/21, 149.00, 153.49, 148.61, 153.12, 90956719
08/27/21, 147.48, 148.75, 146.83, 148.60, 55802391
08/26/21, 148.35, 149.12, 147.51, 147.54, 48597199
08/25/21, 149.81, 150.32, 147.80, 148.36, 58991301
08/24/21, 149.45, 150.86, 149.15, 149.62, 48606434
08/23/21, 148.31, 150.19, 147.89, 149.71, 60131809
08/20/21, 147.44, 148.50, 146.78, 148.19, 60549633
08/19/21, 145.03, 148.00, 144.50, 146.70, 86960312
08/18/21, 149.80, 150.72, 146.15, 146.36, 86325992
08/17/21, 150.23, 151.68, 149.09, 150.19, 92229742
08/16/21, 148.535, 151.19, 146.47, 151.12, 103558797
08/13/21, 148.97, 149.4444, 148.27, 149.10, 59375008
08/12/21, 146.19, 149.05, 145.84, 148.89, 73779109
08/11/21, 146.05, 146.72, 145.53, 145.86, 48493461
08/10/21, 146.44, 147.71, 145.30, 145.60, 69023078
08/09/21, 146.20, 146.70, 145.52, 146.09, 48908688
08/06/21, 146.35, 147.11, 145.63, 146.14, 54126809
08/05/21, 146.98, 147.84, 146.17, 147.06, 46397672
08/04/21, 147.27, 147.79, 146.28, 146.95, 56368273
08/03/21, 145.81, 148.045, 145.18, 147.36, 64786621
08/02/21, 146.36, 146.95, 145.25, 145.52, 62879961
07/30/21, 144.38, 146.33, 144.11, 145.86, 70440633
07/29/21, 144.685, 146.55, 144.58, 145.64, 56699480
07/28/21, 144.81, 146.97, 142.54, 144.98, 118931203
07/27/21, 149.12, 149.21, 145.55, 146.77, 104818602
07/26/21, 148.27, 149.83, 147.70, 148.99, 72434086
07/23/21, 147.55, 148.7177, 146.92, 148.56, 71447422
07/22/21, 145.935, 148.195, 145.81, 146.80, 77338156
07/21/21, 145.53, 146.13, 144.63, 145.40, 74993453
07/20/21, 143.46, 147.0997, 142.96, 146.15, 96350039
07/19/21, 143.75, 144.07, 141.67, 142.45, 121434602
07/16/21, 148.46, 149.76, 145.88, 146.39, 93251430
07/15/21, 149.24, 150.00, 147.09, 148.48, 106820305
07/14/21, 148.10, 149.57, 147.68, 149.15, 127050797
07/13/21, 144.03, 147.46, 143.63, 145.64, 100827102
07/12/21, 146.21, 146.32, 144.00, 144.50, 76299719
07/09/21, 142.75, 145.65, 142.6522, 145.11, 99890797
07/08/21, 141.58, 144.06, 140.665, 143.24, 105575508
07/07/21, 143.535, 144.89, 142.66, 144.57, 104911602
07/06/21, 140.07, 143.15, 140.07, 142.02, 108181797
07/02/21, 137.90, 140.00, 137.745, 139.96, 78945570
07/01/21, 136.60, 137.33, 135.76, 137.27, 52485781
06/30/21, 136.17, 137.41, 135.87, 136.96, 63261391
06/29/21, 134.80, 136.49, 134.35, 136.33, 64556078
06/28/21, 133.41, 135.245, 133.35, 134.78, 62111301
06/25/21, 133.46, 133.89, 132.81, 133.11, 70783750
06/24/21, 134.45, 134.64, 132.93, 133.41, 68711000
06/23/21, 133.77, 134.32, 133.23, 133.70, 60214199
06/22/21, 132.13, 134.08, 131.62, 133.98, 74783617
06/21/21, 130.30, 132.41, 129.21, 132.30, 79663320
06/18/21, 130.71, 131.51, 130.24, 130.46, 108953297
06/17/21, 129.80, 132.55, 129.65, 131.79, 96721672
06/16/21, 130.37, 130.89, 128.461, 130.15, 91815031
06/15/21, 129.94, 130.60, 129.39, 129.64, 62746328
06/14/21, 127.82, 130.54, 127.07, 130.48, 96906484
06/11/21, 126.53, 127.44, 126.10, 127.35, 53522367
06/10/21, 127.02, 128.19, 125.94, 126.11, 71186414
06/09/21, 127.21, 127.75, 126.52, 127.13, 56877941
06/08/21, 126.60, 128.46, 126.2101, 126.74, 74403766
06/07/21, 126.17, 126.32, 124.8321, 125.90, 71057555
06/04/21, 124.07, 126.16, 123.85, 125.89, 75169344
06/03/21, 124.68, 124.85, 123.13, 123.54, 76229172
06/02/21, 124.28, 125.24, 124.05, 125.06, 59278859
06/01/21, 125.08, 125.35, 123.94, 124.28, 67637117
05/28/21, 125.57, 125.80, 124.55, 124.61, 71311109
05/27/21, 126.44, 127.64, 125.08, 125.28, 94625602
05/26/21, 126.955, 127.39, 126.42, 126.85, 56575922
05/25/21, 127.82, 128.32, 126.32, 126.90, 72009477
05/24/21, 126.01, 127.94, 125.94, 127.10, 63092953
05/21/21, 127.82, 128.00, 125.21, 125.43, 79295438
05/20/21, 125.23, 127.72, 125.10, 127.31, 76857117
05/19/21, 123.16, 124.915, 122.86, 124.69, 92611992
05/18/21, 126.56, 126.99, 124.78, 124.85, 63342930
05/17/21, 126.82, 126.93, 125.17, 126.27, 74116555
05/14/21, 126.25, 127.89, 125.85, 127.45, 81917953
05/13/21, 124.58, 126.15, 124.26, 124.97, 105861297
05/12/21, 123.40, 124.64, 122.25, 122.77, 112172305
05/11/21, 123.50, 126.27, 122.77, 125.91, 126142797
05/10/21, 129.41, 129.54, 126.81, 126.85, 88071234
05/07/21, 130.85, 131.2582, 129.475, 130.21, 78973273
05/06/21, 127.89, 129.75, 127.13, 129.74, 78128328
05/05/21, 129.20, 130.45, 127.97, 128.10, 84000898
05/04/21, 131.19, 131.4899, 126.70, 127.85, 137564703
05/03/21, 132.04, 134.07, 131.83, 132.54, 75135102
04/30/21, 131.78, 133.56, 131.065, 131.46, 109839508
04/29/21, 136.47, 137.07, 132.45, 133.48, 151100984
04/28/21, 134.31, 135.02, 133.08, 133.58, 107760094
04/27/21, 135.01, 135.41, 134.11, 134.39, 66015797
04/26/21, 134.83, 135.06, 133.56, 134.72, 66905070
04/23/21, 132.16, 135.12, 132.16, 134.32, 78756781
04/22/21, 133.04, 134.15, 131.41, 131.94, 84566461
04/21/21, 132.36, 133.75, 131.3001, 133.50, 68847133
04/20/21, 135.02, 135.53, 131.81, 133.11, 94812352
04/19/21, 133.51, 135.47, 133.34, 134.84, 94264227
04/16/21, 134.30, 134.67, 133.28, 134.16, 84922391
04/15/21, 133.82, 135.00, 133.64, 134.50, 89347102
04/14/21, 134.94, 135.00, 131.655, 132.03, 87222781
04/13/21, 132.44, 134.66, 131.93, 134.43, 91266555
04/12/21, 132.52, 132.85, 130.63, 131.24, 91419984
04/09/21, 129.80, 133.04, 129.47, 132.995, 106686703
04/08/21, 128.95, 130.39, 128.52, 130.36, 88844594
04/07/21, 125.83, 127.92, 125.14, 127.90, 83466719
04/06/21, 126.50, 127.13, 125.65, 126.21, 80171250
04/05/21, 123.87, 126.1601, 123.07, 125.90, 88651188
04/01/21, 123.66, 124.18, 122.49, 123.00, 75089125
03/31/21, 121.65, 123.52, 121.15, 122.15, 118323797
03/30/21, 120.11, 120.4031, 118.86, 119.90, 85671922
03/29/21, 121.65, 122.58, 120.7299, 121.39, 80819203
03/26/21, 120.35, 121.48, 118.92, 121.21, 94071234
03/25/21, 119.54, 121.66, 119.00, 120.59, 98844680
03/24/21, 122.82, 122.90, 120.065, 120.09, 88530484
03/23/21, 123.33, 124.24, 122.14, 122.54, 95467133
03/22/21, 120.33, 123.87, 120.26, 123.39, 111912305
03/19/21, 119.90, 121.43, 119.675, 119.99, 185549500
03/18/21, 122.88, 123.18, 120.32, 120.53, 121469797
03/17/21, 124.05, 125.8599, 122.336, 124.76, 111932602
03/16/21, 125.70, 127.22, 124.715, 125.57, 115227906
03/15/21, 121.41, 124.00, 120.42, 123.99, 92590562
03/12/21, 120.40, 121.17, 119.16, 121.03, 88105047
03/11/21, 122.54, 123.21, 121.26, 121.96, 103026492
03/10/21, 121.69, 122.17, 119.45, 119.98, 111943297
03/09/21, 119.03, 122.06, 118.79, 121.085, 129525797
03/08/21, 120.93, 121.00, 116.21, 116.36, 154376609
03/05/21, 120.98, 121.935, 117.57, 121.42, 153766594
03/04/21, 121.75, 123.60, 118.62, 120.13, 178155016
03/03/21, 124.81, 125.71, 121.84, 122.06, 112966305
03/02/21, 128.41, 128.72, 125.01, 125.12, 102260898
03/01/21, 123.75, 127.93, 122.79, 127.79, 116307906
02/26/21, 122.59, 124.85, 121.20, 121.26, 164560406
02/25/21, 124.68, 126.4585, 120.54, 120.99, 148199500
02/24/21, 124.94, 125.56, 122.23, 125.35, 111039906
02/23/21, 123.76, 126.71, 118.39, 125.86, 158272984
02/22/21, 128.01, 129.72, 125.60, 126.00, 103916398
02/19/21, 130.24, 130.71, 128.80, 129.87, 87668828
02/18/21, 129.20, 129.995, 127.41, 129.71, 96856750
02/17/21, 131.25, 132.22, 129.47, 130.84, 98085250
02/16/21, 135.49, 136.01, 132.79, 133.19, 80576320
02/12/21, 134.35, 135.53, 133.6921, 135.37, 60145129
02/11/21, 135.90, 136.39, 133.77, 135.13, 64280031
02/10/21, 136.48, 136.99, 134.40, 135.39, 73046562
02/09/21, 136.62, 137.877, 135.85, 136.01, 76774211
02/08/21, 136.03, 136.96, 134.92, 136.91, 71297211
02/05/21, 137.35, 137.42, 135.86, 136.76, 75693828
02/04/21, 136.30, 137.40, 134.59, 137.39, 84183055
02/03/21, 135.76, 135.77, 133.61, 133.94, 89880945
02/02/21, 135.73, 136.31, 134.61, 134.99, 83305367
02/01/21, 133.75, 135.38, 130.93, 134.14, 106239797
01/29/21, 135.83, 136.74, 130.21, 131.96, 177523812
01/28/21, 139.52, 141.99, 136.70, 137.09, 142621109
01/27/21, 143.43, 144.30, 140.41, 142.06, 140843812
01/26/21, 143.60, 144.30, 141.37, 143.16, 98390562
01/25/21, 143.07, 145.09, 136.54, 142.92, 157611703
01/22/21, 136.28, 139.85, 135.02, 139.07, 114459398
01/21/21, 133.80, 139.67, 133.59, 136.87, 120529508
01/20/21, 128.66, 132.49, 128.55, 132.03, 104319508
01/19/21, 127.78, 128.71, 126.938, 127.83, 90757328
01/15/21, 128.78, 130.2242, 127.00, 127.14, 111598492
01/14/21, 130.80, 131.00, 128.76, 128.91, 90221758
01/13/21, 128.76, 131.45, 128.49, 130.89, 88636828
01/12/21, 128.50, 129.69, 126.86, 128.80, 91951148
01/11/21, 129.19, 130.17, 128.50, 128.98, 100620898
01/08/21, 132.43, 132.63, 130.23, 132.05, 105158203
01/07/21, 128.36, 131.63, 127.86, 130.92, 109578203
01/06/21, 127.72, 131.0499, 126.382, 126.60, 155088000
01/05/21, 128.89, 131.74, 128.43, 131.01, 97664898
01/04/21, 133.52, 133.6116, 126.76, 129.41, 143301906
12/31/20, 134.08, 134.74, 131.72, 132.69, 99116594
12/30/20, 135.58, 135.99, 133.40, 133.72, 96452117
12/29/20, 138.05, 138.789, 134.3409, 134.87, 121047297
12/28/20, 133.99, 137.34, 133.51, 136.69, 124486203
12/24/20, 131.32, 133.46, 131.10, 131.97, 54930059
12/23/20, 132.16, 132.43, 130.78, 130.96, 88223688
12/22/20, 131.61, 134.405, 129.65, 131.88, 169351812
12/21/20, 125.02, 128.31, 123.449, 128.23, 121251602
12/18/20, 128.96, 129.10, 126.12, 126.655, 192541500
12/17/20, 128.90, 129.58, 128.045, 128.70, 94359805
12/16/20, 127.41, 128.37, 126.56, 127.81, 98208594
12/15/20, 124.34, 127.90, 124.13, 127.88, 157572297
12/14/20, 122.60, 123.35, 121.54, 121.78, 79075992
12/11/20, 122.43, 122.76, 120.55, 122.41, 86939789
12/10/20, 120.50, 123.87, 120.15, 123.24, 81312172
12/09/20, 124.53, 125.95, 121.00, 121.78, 115089203
12/08/20, 124.37, 124.98, 123.09, 124.38, 82225516
12/07/20, 122.31, 124.57, 122.25, 123.75, 86711992
12/04/20, 122.60, 122.8608, 121.52, 122.25, 78260414
12/03/20, 123.52, 123.78, 122.21, 122.94, 78967633
12/02/20, 122.02, 123.37, 120.89, 123.08, 89004203
12/01/20, 121.01, 123.4693, 120.01, 122.72, 128166797
11/30/20, 116.97, 120.97, 116.81, 119.05, 169410203
11/27/20, 116.57, 117.49, 116.22, 116.59, 46691328
11/25/20, 115.55, 116.75, 115.17, 116.03, 76499234
11/24/20, 113.91, 115.85, 112.59, 115.17, 113874203
11/23/20, 117.18, 117.6202, 113.75, 113.85, 127959297
11/20/20, 118.64, 118.77, 117.29, 117.34, 73604289
11/19/20, 117.59, 119.06, 116.81, 118.64, 74112969
11/18/20, 118.61, 119.82, 118.00, 118.03, 76322109
11/17/20, 119.55, 120.6741, 118.96, 119.39, 74270969
11/16/20, 118.92, 120.99, 118.146, 120.30, 91183023
11/13/20, 119.44, 119.6717, 117.87, 119.26, 81688594
11/12/20, 119.62, 120.53, 118.57, 119.21, 103350703
11/11/20, 117.19, 119.63, 116.44, 119.49, 112295000
11/10/20, 115.55, 117.59, 114.13, 115.97, 138023391
11/09/20, 120.50, 121.99, 116.05, 116.32, 154515297
11/06/20, 118.32, 119.20, 116.13, 118.69, 114457906
11/05/20, 117.95, 119.62, 116.8686, 119.03, 126387102
11/04/20, 114.14, 115.59, 112.35, 114.95, 138235500
11/03/20, 109.66, 111.49, 108.73, 110.44, 107624398
11/02/20, 109.11, 110.68, 107.32, 108.77, 122866898
10/30/20, 111.06, 111.99, 107.72, 108.86, 190573500
10/29/20, 112.37, 116.93, 112.20, 115.32, 146129203
10/28/20, 115.05, 115.43, 111.10, 111.20, 143937797
10/27/20, 115.49, 117.28, 114.5399, 116.60, 92276766
10/26/20, 114.01, 116.55, 112.88, 115.05, 111850703
10/23/20, 116.39, 116.55, 114.28, 115.04, 82572648
10/22/20, 117.45, 118.04, 114.59, 115.75, 101988000
10/21/20, 116.67, 118.705, 116.45, 116.87, 89945984
10/20/20, 116.20, 118.98, 115.63, 117.51, 124423695
10/19/20, 119.96, 120.419, 115.66, 115.98, 120639297
10/16/20, 121.28, 121.548, 118.81, 119.02, 115393797
10/15/20, 118.72, 121.20, 118.15, 120.71, 112559203
10/14/20, 121.00, 123.03, 119.62, 121.19, 151062297
10/13/20, 125.27, 125.39, 119.65, 121.10, 262330500
10/12/20, 120.06, 125.18, 119.2845, 124.40, 240226797
10/09/20, 115.28, 117.00, 114.92, 116.97, 100506898
10/08/20, 116.25, 116.40, 114.5901, 114.97, 83477148
10/07/20, 114.62, 115.55, 114.13, 115.08, 96848992
10/06/20, 115.70, 116.12, 112.25, 113.16, 161498203
10/05/20, 113.91, 116.65, 113.55, 116.50, 106243797
10/02/20, 112.89, 115.37, 112.22, 113.02, 144712000
10/01/20, 117.64, 117.72, 115.83, 116.79, 116120398
09/30/20, 113.79, 117.26, 113.62, 115.81, 142675203
09/29/20, 114.55, 115.31, 113.57, 114.09, 100060492
09/28/20, 115.01, 115.32, 112.78, 114.96, 137672406
09/25/20, 108.43, 112.44, 107.67, 112.28, 149981406
09/24/20, 105.17, 110.25, 105.00, 108.22, 167743297
09/23/20, 111.62, 112.11, 106.77, 107.12, 150718703
09/22/20, 112.68, 112.86, 109.16, 111.81, 183055391
09/21/20, 104.54, 110.19, 103.10, 110.08, 195713797
09/18/20, 110.40, 110.88, 106.09, 106.84, 287104906
09/17/20, 109.72, 112.20, 108.71, 110.34, 178011016
09/16/20, 115.23, 116.00, 112.04, 112.13, 155026703
09/15/20, 118.33, 118.829, 113.61, 115.54, 184642000
09/14/20, 114.72, 115.93, 112.80, 115.355, 140150094
09/11/20, 114.57, 115.23, 110.00, 112.00, 180860297
09/10/20, 120.36, 120.50, 112.50, 113.49, 182274406
09/09/20, 117.26, 119.14, 115.26, 117.32, 176940500
09/08/20, 113.95, 118.99, 112.68, 112.82, 231366594
09/04/20, 120.07, 123.70, 110.89, 120.96, 332607188
09/03/20, 126.91, 128.84, 120.50, 120.88, 257599594
09/02/20, 137.59, 137.98, 127.00, 131.40, 200119016
09/01/20, 132.76, 134.80, 130.53, 134.18, 152470094
08/31/20, 127.58, 131.00, 126.00, 129.04, 225702703
08/28/20, 126.0125, 126.4425, 124.5775, 124.8075, 187629920
08/27/20, 127.1425, 127.485, 123.8325, 125.01, 155552408
08/26/20, 126.1793, 126.9925, 125.0825, 126.5225, 163022264
08/25/20, 124.6975, 125.1793, 123.0525, 124.825, 211495812
08/24/20, 128.6975, 128.785, 123.9363, 125.8575, 345937752
08/21/20, 119.2625, 124.868, 119.25, 124.37, 338054656
08/20/20, 115.75, 118.392, 115.7334, 118.275, 126907204
08/19/20, 115.9833, 117.1625, 115.61, 115.7075, 145538000
08/18/20, 114.3525, 116.00, 114.0075, 115.5625, 105633564
08/17/20, 116.0625, 116.0875, 113.9625, 114.6075, 119561436
08/14/20, 114.8288, 115.00, 113.045, 114.9075, 165565204
08/13/20, 114.43, 116.0425, 113.9275, 115.01, 210082080
08/12/20, 110.4975, 113.275, 110.2975, 113.01, 165944828
08/11/20, 111.9688, 112.4825, 109.1067, 109.375, 187902376
08/10/20, 112.60, 113.775, 110.00, 112.7275, 212403436
08/07/20, 113.205, 113.675, 110.2925, 111.1125, 198045592
08/06/20, 110.405, 114.4125, 109.7975, 113.9025, 202428920
08/05/20, 109.3775, 110.3925, 108.8975, 110.0625, 121991960
08/04/20, 109.1325, 110.79, 108.3875, 109.665, 172792360
08/03/20, 108.20, 111.6364, 107.8925, 108.9375, 308151408
07/31/20, 102.8838, 106.415, 100.825, 106.26, 374295500
07/30/20, 94.1875, 96.2975, 93.7675, 96.19, 158130048
07/29/20, 93.75, 95.23, 93.7125, 95.04, 90329244
07/28/20, 94.3675, 94.5497, 93.2475, 93.2525, 103625524
07/27/20, 93.71, 94.905, 93.48, 94.81, 121214204
07/24/20, 90.9875, 92.97, 89.145, 92.615, 185438876
07/23/20, 96.9985, 97.0775, 92.0098, 92.845, 197004452
07/22/20, 96.6925, 97.975, 96.6025, 97.2725, 89001640
07/21/20, 99.1725, 99.25, 96.7425, 97.00, 103645844
07/20/20, 96.4163, 98.50, 96.0625, 98.3575, 90317920
07/17/20, 96.9875, 97.1475, 95.84, 96.3275, 92186920
07/16/20, 96.5625, 97.405, 95.905, 96.5225, 110577680
07/15/20, 98.99, 99.2475, 96.49, 97.725, 153197920
07/14/20, 94.84, 97.255, 93.8775, 97.0575, 170989360
07/13/20, 97.265, 99.955, 95.2575, 95.4775, 191649156
07/10/20, 95.335, 95.98, 94.7052, 95.92, 90257320
07/09/20, 96.2625, 96.3175, 94.6725, 95.6825, 125642600
07/08/20, 94.18, 95.375, 94.09, 95.3425, 117091884
07/07/20, 93.8525, 94.655, 93.0575, 93.1725, 112424436
07/06/20, 92.50, 93.945, 92.4675, 93.4625, 118655640
07/02/20, 91.9625, 92.6175, 90.91, 91.0275, 114041476
07/01/20, 91.28, 91.84, 90.9775, 91.0275, 110737244
06/30/20, 90.02, 91.495, 90.00, 91.20, 140223280
06/29/20, 88.3125, 90.5434, 87.82, 90.445, 130646080
06/26/20, 91.1025, 91.33, 88.255, 88.4075, 205256828
06/25/20, 90.175, 91.25, 89.3925, 91.21, 137522532
06/24/20, 91.25, 92.1975, 89.63, 90.015, 192623392
06/23/20, 91.00, 93.095, 90.5675, 91.6325, 212155484
06/22/20, 87.835, 89.865, 87.7875, 89.7175, 135445280
06/19/20, 88.6588, 89.14, 86.2875, 87.43, 264475812
06/18/20, 87.8525, 88.3625, 87.305, 87.9325, 96820400
06/17/20, 88.7875, 88.85, 87.7725, 87.8975, 114406524
06/16/20, 87.865, 88.30, 86.18, 88.02, 165428720
06/15/20, 83.3125, 86.42, 83.145, 85.7475, 138808920
06/12/20, 86.18, 86.95, 83.5558, 84.70, 200146048
06/11/20, 87.3275, 87.765, 83.87, 83.975, 201662436
06/10/20, 86.975, 88.6925, 86.5225, 88.21, 166651764
06/09/20, 83.035, 86.4025, 83.0025, 85.9975, 147712360
06/08/20, 82.5625, 83.40, 81.83, 83.365, 95654524
06/05/20, 80.8375, 82.9375, 80.8075, 82.875, 137250204
06/04/20, 81.0975, 81.405, 80.195, 80.58, 87560360
06/03/20, 81.165, 81.55, 80.575, 81.28, 104491204
06/02/20, 80.1863, 80.86, 79.7325, 80.835, 87642796
06/01/20, 79.4375, 80.5875, 79.3025, 80.4625, 81018600
05/29/20, 79.8125, 80.2875, 79.1175, 79.485, 153598108
05/28/20, 79.1925, 80.86, 78.9075, 79.5625, 133796408
05/27/20, 79.035, 79.6775, 78.2725, 79.5275, 112945080
05/26/20, 80.875, 81.06, 79.125, 79.1825, 125521796
05/22/20, 78.9425, 79.8075, 78.8375, 79.7225, 81803000
05/21/20, 79.665, 80.2225, 78.9675, 79.2125, 102688844
05/20/20, 79.17, 79.88, 79.05, 79.8075, 111504884
05/19/20, 78.7575, 79.63, 78.2525, 78.285, 101729564
05/18/20, 78.2925, 79.125, 77.581, 78.74, 135372516
05/15/20, 75.0875, 76.975, 75.0525, 76.9275, 166348360
05/14/20, 76.1275, 77.4475, 75.3825, 77.385, 158929092
05/13/20, 78.0375, 78.9875, 75.8025, 76.9125, 200622564
05/12/20, 79.4575, 79.922, 77.7275, 77.8525, 162301048
05/11/20, 77.025, 79.2625, 76.81, 78.7525, 145946236
05/08/20, 76.41, 77.5875, 76.0725, 77.5325, 134047952
05/07/20, 75.805, 76.2925, 75.4925, 75.935, 115215040
05/06/20, 75.115, 75.81, 74.7175, 75.1575, 142333764
05/05/20, 73.765, 75.25, 73.615, 74.39, 147751204
05/04/20, 72.2925, 73.4225, 71.5793, 73.29, 133567952
05/01/20, 71.5625, 74.75, 71.4625, 72.2675, 240616720
04/30/20, 72.49, 73.6325, 72.0875, 73.45, 183063876
04/29/20, 71.1825, 72.4175, 70.9725, 71.9325, 137280796
04/28/20, 71.27, 71.4575, 69.55, 69.645, 112004756
04/27/20, 70.45, 71.135, 69.9875, 70.7925, 117087564
04/24/20, 69.30, 70.7525, 69.25, 70.7425, 126508720
04/23/20, 68.9675, 70.4375, 68.7175, 68.7575, 124814320
04/22/20, 68.4025, 69.475, 68.05, 69.025, 117057360
04/21/20, 69.07, 69.3125, 66.3575, 67.0925, 180991548
04/20/20, 69.4875, 70.42, 69.2125, 69.2325, 130015000
04/17/20, 71.1725, 71.7363, 69.215, 70.70, 215249920
04/16/20, 71.845, 72.0494, 70.5875, 71.6725, 157125156
04/15/20, 70.60, 71.5825, 70.1575, 71.1075, 131154564
04/14/20, 70.00, 72.0625, 69.5125, 71.7625, 194994688
04/13/20, 67.0775, 68.425, 66.4575, 68.3125, 131022920
04/09/20, 67.175, 67.5175, 66.175, 66.9975, 162116484
04/08/20, 65.685, 66.8425, 65.3075, 66.5175, 168895280
04/07/20, 67.70, 67.925, 64.75, 64.8575, 202887328
04/06/20, 62.725, 65.7775, 62.345, 65.6175, 200337200
04/03/20, 60.70, 61.425, 59.7435, 60.3525, 129880080
04/02/20, 60.085, 61.2875, 59.225, 61.2325, 165933952
04/01/20, 61.625, 62.18, 59.7825, 60.2275, 176218564
03/31/20, 63.90, 65.6225, 63.00, 63.5725, 197002000
03/30/20, 62.685, 63.88, 62.35, 63.7025, 167976452
03/27/20, 63.1875, 63.9675, 61.7625, 61.935, 204216608
03/26/20, 61.63, 64.67, 61.59, 64.61, 252560672
03/25/20, 62.6875, 64.5625, 61.075, 61.38, 303602064
03/24/20, 59.09, 61.9225, 58.575, 61.72, 287531064
03/23/20, 57.02, 57.1249, 53.1525, 56.0925, 336752844
03/20/20, 61.795, 62.9575, 57.00, 57.31, 401693188
03/19/20, 61.8463, 63.21, 60.6525, 61.195, 271857032
03/18/20, 59.9425, 62.50, 59.28, 61.6675, 300233624
03/17/20, 61.8775, 64.4025, 59.60, 63.215, 324055876
03/16/20, 60.4875, 64.77, 60.00, 60.5525, 322423500
03/13/20, 66.2225, 69.98, 63.2375, 69.4925, 370732124
03/12/20, 63.985, 67.50, 62.00, 62.0575, 418473968
03/11/20, 69.3475, 70.305, 67.965, 68.8575, 256379876
03/10/20, 69.285, 71.61, 67.3425, 71.335, 285290092
03/09/20, 65.9375, 69.5225, 65.75, 66.5425, 286744844
03/06/20, 70.50, 72.705, 70.3075, 72.2575, 226176984
03/05/20, 73.88, 74.8875, 72.8525, 73.23, 187572876
03/04/20, 74.11, 75.85, 73.2825, 75.685, 219178264
03/03/20, 75.9175, 76.00, 71.45, 72.33, 319475408
03/02/20, 70.57, 75.36, 69.43, 74.7025, 341397376
02/28/20, 64.315, 69.6025, 64.0925, 68.34, 426884812
02/27/20, 70.275, 71.50, 68.24, 68.38, 320605500
02/26/20, 71.6325, 74.47, 71.625, 73.1625, 198713736
02/25/20, 75.2375, 75.6325, 71.5325, 72.02, 230673436
02/24/20, 74.315, 76.045, 72.3075, 74.545, 222195328
02/21/20, 79.655, 80.1125, 77.625, 78.2625, 129705680
02/20/20, 80.6575, 81.1625, 79.5525, 80.075, 100565960
02/19/20, 80.00, 81.1425, 80.00, 80.905, 93983960
02/18/20, 78.84, 79.9375, 78.6525, 79.75, 152762204
02/14/20, 81.185, 81.495, 80.7125, 81.2375, 80113796
02/13/20, 81.0475, 81.555, 80.8375, 81.2175, 94747564
02/12/20, 80.3675, 81.805, 80.3675, 81.80, 113730280
02/11/20, 80.90, 80.975, 79.6775, 79.9025, 94323116
02/10/20, 78.545, 80.3875, 78.4625, 80.3875, 109348884
02/07/20, 80.5925, 80.85, 79.50, 80.0075, 117684040
02/06/20, 80.6425, 81.305, 80.0662, 81.3025, 105425564
02/05/20, 80.88, 81.19, 79.7375, 80.3625, 118826884
02/04/20, 78.8275, 79.91, 78.4086, 79.7125, 136616516
02/03/20, 76.075, 78.3725, 75.555, 77.165, 173985592
01/31/20, 80.2325, 80.67, 77.0725, 77.3775, 199588408
01/30/20, 80.136, 81.0225, 79.6875, 80.9675, 126743244
01/29/20, 81.1125, 81.9625, 80.345, 81.085, 216599720
01/28/20, 78.15, 79.60, 78.0475, 79.4225, 162233952
01/27/20, 77.515, 77.9425, 76.22, 77.2375, 161940032
01/24/20, 80.0625, 80.8325, 79.3797, 79.5775, 146537516
01/23/20, 79.48, 79.89, 78.9125, 79.8075, 104471960
01/22/20, 79.645, 79.9975, 79.3275, 79.425, 101832476
01/21/20, 79.2975, 79.755, 79.00, 79.1425, 110843244
01/17/20, 79.0675, 79.685, 78.75, 79.6825, 137816484
01/16/20, 78.3975, 78.925, 78.0225, 78.81, 108829000
01/15/20, 77.9625, 78.875, 77.3875, 77.835, 121923524
01/14/20, 79.175, 79.3925, 78.0425, 78.17, 162613844
01/13/20, 77.91, 79.2675, 77.7875, 79.24, 122086884
01/10/20, 77.65, 78.1675, 77.0625, 77.5825, 140869092
01/09/20, 76.8088, 77.6075, 76.55, 77.4075, 170486156
01/08/20, 74.29, 76.11, 74.289, 75.7975, 132363796
01/07/20, 74.96, 75.225, 74.37, 74.5975, 111510640
01/06/20, 73.4475, 74.99, 73.1875, 74.95, 118578564
01/03/20, 74.2875, 75.145, 74.125, 74.3575, 146535516
01/02/20, 74.06, 75.15, 73.7975, 75.0875, 135647436
12/31/19, 72.4825, 73.42, 72.38, 73.4125, 100990524
12/30/19, 72.365, 73.1725, 71.305, 72.88, 144238436
12/27/19, 72.78, 73.4925, 72.03, 72.45, 146371764
12/26/19, 71.205, 72.495, 71.175, 72.4775, 93336000
12/24/19, 71.1725, 71.2225, 70.7299, 71.0675, 48478840
12/23/19, 70.1325, 71.0625, 70.0934, 71.00, 98711524
12/20/19, 70.5575, 70.6625, 69.64, 69.86, 276130936
12/19/19, 69.875, 70.295, 69.7375, 70.005, 98507796
12/18/19, 69.95, 70.475, 69.78, 69.935, 116098756
12/17/19, 69.8925, 70.4425, 69.70, 70.1025, 114303204
12/16/19, 69.25, 70.1975, 69.245, 69.965, 128324436
12/13/19, 67.865, 68.825, 67.7325, 68.7875, 131677592
12/12/19, 66.945, 68.14, 66.8303, 67.865, 137748156
12/11/19, 67.2025, 67.775, 67.125, 67.6925, 78893564
12/10/19, 67.15, 67.5175, 66.465, 67.12, 90529524
12/09/19, 67.50, 67.70, 66.2275, 66.73, 128730600
12/06/19, 66.87, 67.75, 66.825, 67.6775, 106189960
12/05/19, 65.9475, 66.4725, 65.6825, 66.395, 74645360
12/04/19, 65.2675, 65.8275, 65.17, 65.435, 67241564
12/03/19, 64.5775, 64.8825, 64.0725, 64.8625, 117509080
12/02/19, 66.8175, 67.0625, 65.8625, 66.04, 94774204
11/29/19, 66.65, 67.00, 66.475, 66.8125, 46617440
11/27/19, 66.395, 66.995, 66.3275, 66.96, 65544476
11/26/19, 66.735, 66.79, 65.625, 66.0725, 105339524
11/25/19, 65.6775, 66.61, 65.63, 66.5925, 84118080
11/22/19, 65.6475, 65.795, 65.21, 65.445, 65325040
11/21/19, 65.9225, 66.0013, 65.295, 65.5025, 121395116
11/20/19, 66.385, 66.5208, 65.10, 65.7975, 106439680
11/19/19, 66.975, 67.00, 66.3482, 66.5725, 76278400
11/18/19, 66.45, 66.8575, 66.0575, 66.775, 86803600
11/15/19, 65.92, 66.445, 65.7525, 66.44, 100374680
11/14/19, 65.9375, 66.22, 65.525, 65.66, 89582244
11/13/19, 65.2825, 66.195, 65.2675, 66.1175, 103270360
11/12/19, 65.3875, 65.6975, 65.23, 65.49, 87388920
11/11/19, 64.575, 65.6175, 64.57, 65.55, 82029844
11/08/19, 64.6725, 65.11, 64.2125, 65.035, 70082000
11/07/19, 64.685, 65.0875, 64.5275, 64.8575, 94940320
11/06/19, 64.1925, 64.3725, 63.8413, 64.31, 75864476
11/05/19, 64.2625, 64.5475, 64.08, 64.2825, 79897720
11/04/19, 64.3325, 64.4613, 63.845, 64.375, 103271796
11/01/19, 62.385, 63.9825, 62.29, 63.955, 151125312
10/31/19, 61.81, 62.2925, 59.315, 62.19, 139162080
10/30/19, 61.19, 61.325, 60.3025, 60.815, 124522080
10/29/19, 62.2425, 62.4375, 60.6425, 60.8225, 142839484
10/28/19, 61.855, 62.3125, 61.68, 62.2625, 96572960
10/25/19, 60.79, 61.6825, 60.72, 61.645, 73477204
10/24/19, 61.1275, 61.20, 60.4513, 60.895, 71665040
10/23/19, 60.525, 60.81, 60.305, 60.795, 79730204
10/22/19, 60.29, 60.55, 59.9055, 59.99, 90736000
10/21/19, 59.38, 60.2475, 59.33, 60.1275, 89469920
10/18/19, 58.6475, 59.395, 58.5725, 59.1025, 97508680
10/17/19, 58.7725, 59.0375, 58.38, 58.82, 69091600
10/16/19, 58.3425, 58.81, 58.30, 58.5925, 77146756
10/15/19, 59.0975, 59.4125, 58.72, 58.83, 92161920
10/14/19, 58.725, 59.5336, 58.6675, 58.9675, 97653920
10/11/19, 58.2375, 59.41, 58.0769, 59.0525, 167960828
10/10/19, 56.9825, 57.61, 56.825, 57.5225, 115851920
10/09/19, 56.7575, 56.9475, 56.41, 56.7575, 76117680
10/08/19, 56.455, 57.015, 56.0825, 56.10, 117130796
10/07/19, 56.5675, 57.4825, 56.46, 56.765, 123557080
10/04/19, 56.41, 56.8725, 55.9725, 56.7525, 139022204
10/03/19, 54.6075, 55.24, 53.783, 55.205, 121410756
10/02/19, 55.765, 55.895, 54.4825, 54.74, 143069048
10/01/19, 56.2675, 57.055, 56.05, 56.1475, 144748640
09/30/19, 55.225, 56.145, 55.1975, 55.9925, 105274320
09/27/19, 55.135, 55.24, 54.3204, 54.705, 101445156
09/26/19, 55.00, 55.235, 54.7075, 54.9725, 76353244
09/25/19, 54.6375, 55.375, 54.2851, 55.2575, 89924040
09/24/19, 55.2575, 55.6225, 54.2975, 54.42, 125737476
09/23/19, 54.7375, 54.96, 54.4125, 54.68, 77678600
09/20/19, 55.345, 55.64, 54.3683, 54.4325, 231908360
09/19/19, 55.5025, 55.94, 55.0925, 55.24, 88751524
09/18/19, 55.265, 55.7125, 54.86, 55.6925, 102572360
09/17/19, 54.99, 55.205, 54.78, 55.175, 73545884
09/16/19, 54.4325, 55.0325, 54.39, 54.975, 84632564
09/13/19, 55.00, 55.1975, 54.255, 54.6875, 159053204
09/12/19, 56.20, 56.605, 55.715, 55.7713, 128906680
09/11/19, 54.5175, 55.9275, 54.4325, 55.8975, 177158592
09/10/19, 53.465, 54.195, 52.9275, 54.175, 127111720
09/09/19, 53.71, 54.11, 52.7675, 53.5425, 109237600
09/06/19, 53.5125, 53.605, 53.1275, 53.315, 77449156
09/05/19, 53.00, 53.4925, 52.8775, 53.32, 95787524
09/04/19, 52.0975, 52.37, 51.83, 52.2975, 76867280
09/03/19, 51.6075, 51.745, 51.055, 51.425, 80238280
08/30/19, 52.54, 52.6125, 51.80, 52.185, 84650244
08/29/19, 52.125, 52.33, 51.6638, 52.2525, 84030600
08/28/19, 51.025, 51.43, 50.83, 51.3825, 63830520
08/27/19, 51.965, 52.1375, 50.8825, 51.04, 103589360
08/26/19, 51.465, 51.7975, 51.2643, 51.6225, 104264524
08/23/19, 52.3575, 53.0128, 50.25, 50.66, 187531360
08/22/19, 53.2975, 53.6088, 52.6875, 53.115, 89071280
08/21/19, 53.2475, 53.4125, 52.9008, 53.16, 86259000
08/20/19, 52.72, 53.3375, 52.58, 52.59, 107678116
08/19/19, 52.655, 53.1827, 52.5063, 52.5875, 97727680
08/16/19, 51.07, 51.79, 50.96, 51.625, 115254476
08/15/19, 50.865, 51.285, 49.9175, 50.435, 111533436
08/14/19, 50.79, 51.61, 50.6467, 50.6875, 146189764
08/13/19, 50.255, 53.035, 50.2075, 52.2425, 190159172
08/12/19, 49.905, 50.5129, 49.7875, 50.12, 89927564
08/09/19, 50.325, 50.69, 49.8225, 50.2475, 98479000
08/08/19, 50.05, 50.8825, 49.8475, 50.8575, 108038080
08/07/19, 48.8525, 49.89, 48.455, 49.76, 133457592
08/06/19, 49.0775, 49.5168, 48.51, 49.25, 143299172
08/05/19, 49.4975, 49.6623, 48.145, 48.335, 209571876
08/02/19, 51.3825, 51.6075, 50.4075, 51.005, 163448484
08/01/19, 53.475, 54.5075, 51.6859, 52.1075, 216071688
07/31/19, 54.105, 55.3425, 52.825, 53.26, 277125436
07/30/19, 52.19, 52.54, 51.8275, 52.195, 135742876
07/29/19, 52.115, 52.66, 52.11, 52.42, 86693564
07/26/19, 51.87, 52.4325, 51.785, 51.935, 70475476
07/25/19, 52.2225, 52.31, 51.6825, 51.755, 55638240
07/24/19, 51.9175, 52.2875, 51.7925, 52.1675, 59966280
07/23/19, 52.115, 52.2275, 51.8225, 52.21, 73420844
07/22/19, 50.9125, 51.8075, 50.9025, 51.805, 89111720
07/19/19, 51.4475, 51.625, 50.59, 50.6475, 83717244
07/18/19, 51.00, 51.47, 50.925, 51.415, 74328640
07/17/19, 51.0125, 51.2729, 50.8175, 50.8375, 56429800
07/16/19, 51.1475, 51.5275, 50.875, 51.125, 67467280
07/15/19, 51.0225, 51.4675, 51.00, 51.3025, 67789680
07/12/19, 50.6125, 51.00, 50.55, 50.825, 70380844
07/11/19, 50.8275, 51.0975, 50.4275, 50.4375, 80767360
07/10/19, 50.4625, 50.9325, 50.39, 50.8075, 71588564
07/09/19, 49.80, 50.3775, 49.7025, 50.31, 82312080
07/08/19, 50.2025, 50.35, 49.6025, 50.005, 101354524
07/05/19, 50.8375, 51.27, 50.725, 51.0575, 69062080
07/03/19, 50.82, 51.11, 50.6725, 51.1025, 45448200
07/02/19, 50.3525, 50.7831, 50.34, 50.6825, 67740884
07/01/19, 50.7925, 51.1225, 50.1625, 50.3875, 109266960
06/28/19, 49.67, 49.8738, 49.2625, 49.48, 124442564
06/27/19, 50.0725, 50.3925, 49.8925, 49.935, 83598884
06/26/19, 49.4425, 50.2475, 49.3375, 49.95, 104270040
06/25/19, 49.6075, 49.815, 48.8225, 48.8925, 84281320
06/24/19, 49.635, 50.04, 49.5425, 49.645, 72881680
06/21/19, 49.70, 50.2125, 49.5375, 49.695, 191202376
06/20/19, 50.0925, 50.1525, 49.5075, 49.865, 86055960
06/19/19, 49.92, 49.97, 49.3275, 49.4675, 84496960
06/18/19, 49.0125, 50.0725, 48.8025, 49.6125, 106204000
06/17/19, 48.225, 48.74, 48.0425, 48.4725, 58676560
06/14/19, 47.8862, 48.3966, 47.575, 48.185, 75045884
06/13/19, 48.675, 49.1975, 48.40, 48.5375, 86698524
06/12/19, 48.4875, 48.9925, 48.3463, 48.5475, 73012756
06/11/19, 48.715, 49.00, 48.40, 48.7025, 107731524
06/10/19, 47.9525, 48.8425, 47.905, 48.145, 104883400
06/07/19, 46.6275, 47.98, 46.4425, 47.5375, 122737564
06/06/19, 45.77, 46.3675, 45.5372, 46.305, 90105244
06/05/19, 46.07, 46.2475, 45.285, 45.635, 119093720
06/04/19, 43.86, 44.9575, 43.63, 44.91, 123871844
06/03/19, 43.90, 44.48, 42.5675, 43.325, 161584280
05/31/19, 44.0575, 44.4975, 43.7475, 43.7675, 108174320
05/30/19, 44.4875, 44.8075, 44.1675, 44.575, 84873640
05/29/19, 44.105, 44.8375, 44.00, 44.345, 113924680
05/28/19, 44.73, 45.1475, 44.4775, 44.5575, 111792640
05/24/19, 45.05, 45.535, 44.655, 44.7425, 94858756
05/23/19, 44.95, 45.135, 44.4525, 44.915, 146118952
05/22/19, 46.165, 46.4275, 45.6375, 45.695, 118994244
05/21/19, 46.305, 47.00, 46.175, 46.65, 113459400
05/20/19, 45.88, 46.0873, 45.071, 45.7725, 154449156
05/17/19, 46.7325, 47.725, 46.69, 47.25, 131516360
05/16/19, 47.4775, 48.1172, 47.21, 47.52, 132125436
05/15/19, 46.5675, 47.9375, 46.505, 47.73, 106178884
05/14/19, 46.6025, 47.425, 46.3525, 47.165, 146118720
05/13/19, 46.9275, 47.37, 45.7125, 46.43, 229722484
05/10/19, 49.3548, 49.7125, 48.1925, 49.295, 164834844
05/09/19, 50.10, 50.42, 49.165, 50.18, 139634436
05/08/19, 50.475, 51.335, 50.4375, 50.725, 105358000
05/07/19, 51.47, 51.8544, 50.2063, 50.715, 155054796
05/06/19, 51.0725, 52.21, 50.875, 52.12, 129772436
05/03/19, 52.7225, 52.96, 52.5575, 52.9375, 83569524
05/02/19, 52.46, 53.1625, 52.0325, 52.2875, 127985280
05/01/19, 52.47, 53.8275, 52.3075, 52.63, 259309312
04/30/19, 50.765, 50.85, 49.7775, 50.1675, 186139688
04/29/19, 51.10, 51.4925, 50.965, 51.1525, 88818884
04/26/19, 51.225, 51.25, 50.53, 51.075, 74596400
04/25/19, 51.7075, 51.94, 51.28, 51.32, 74172844
04/24/19, 51.84, 52.12, 51.7625, 51.79, 70162436
04/23/19, 51.1075, 51.9375, 50.975, 51.87, 93291960
04/22/19, 50.7075, 51.235, 50.585, 51.1325, 77758204
04/18/19, 50.78, 51.0375, 50.63, 50.965, 96783080
04/17/19, 49.885, 50.845, 49.6525, 50.7825, 115627116
04/16/19, 49.865, 50.3425, 49.64, 49.8125, 102785564
04/15/19, 49.645, 49.9625, 49.5025, 49.8075, 70146600
04/12/19, 49.80, 50.035, 49.0525, 49.7175, 111042680
04/11/19, 50.2125, 50.25, 49.6108, 49.7375, 83603244
04/10/19, 49.67, 50.185, 49.545, 50.155, 86781156
04/09/19, 50.08, 50.7125, 49.8075, 49.875, 143072952
04/08/19, 49.105, 50.0575, 49.085, 50.025, 103526796
04/05/19, 49.1125, 49.275, 48.9825, 49.25, 74106564
04/04/19, 48.6975, 49.0925, 48.285, 48.9225, 76457116
04/03/19, 48.3125, 49.125, 48.2875, 48.8375, 93087320
04/02/19, 47.7725, 48.615, 47.7625, 48.505, 91062920
04/01/19, 47.91, 47.92, 47.095, 47.81, 111447844
03/29/19, 47.4575, 47.52, 47.135, 47.4875, 94255844
03/28/19, 47.2375, 47.3898, 46.8825, 47.18, 83121436
03/27/19, 47.1875, 47.44, 46.6375, 47.1175, 119393720
03/26/19, 47.916, 48.22, 46.145, 46.6975, 199202156
03/25/19, 47.8775, 47.995, 46.65, 47.185, 175381156
03/22/19, 48.835, 49.4225, 47.695, 47.7625, 169630688
03/21/19, 47.505, 49.0825, 47.4525, 48.7725, 204136952
03/20/19, 46.5575, 47.3725, 46.1825, 47.04, 124140920
03/19/19, 47.0875, 47.2475, 46.48, 46.6325, 126585476
03/18/19, 46.45, 47.0975, 46.4475, 47.005, 104879320
03/15/19, 46.2125, 46.8325, 45.935, 46.53, 156171640
03/14/19, 45.975, 46.025, 45.64, 45.9325, 94318040
03/13/19, 45.5625, 45.825, 45.23, 45.4275, 124130080
03/12/19, 45.00, 45.6675, 44.8425, 45.2275, 129870320
03/11/19, 43.8725, 44.78, 43.8375, 44.725, 128044116
03/08/19, 42.58, 43.2675, 42.375, 43.2275, 95997436
03/07/19, 43.4675, 43.61, 43.005, 43.125, 99185476
03/06/19, 43.6675, 43.8725, 43.485, 43.63, 83241524
03/05/19, 43.985, 44.00, 43.635, 43.8825, 78949680
03/04/19, 43.9225, 44.4375, 43.4925, 43.9625, 109744796
03/01/19, 43.57, 43.7875, 43.2225, 43.7425, 103544680
02/28/19, 43.58, 43.7275, 43.23, 43.2875, 112861680
02/27/19, 43.3025, 43.75, 43.1825, 43.7175, 111341564
02/26/19, 43.4275, 43.825, 43.2933, 43.5825, 68280844
02/25/19, 43.54, 43.9675, 43.4875, 43.5575, 87493436
02/22/19, 42.895, 43.25, 42.845, 43.2425, 75652600
02/21/19, 42.95, 43.0925, 42.575, 42.765, 68998680
02/20/19, 42.7975, 43.33, 42.7475, 43.0075, 104457436
02/19/19, 42.4275, 42.86, 42.3725, 42.7325, 75891320
02/15/19, 42.8125, 42.925, 42.4375, 42.605, 98507244
02/14/19, 42.4275, 42.8154, 42.345, 42.70, 87343000
02/13/19, 42.8475, 43.12, 42.48, 42.545, 89960920
02/12/19, 42.525, 42.75, 42.425, 42.7225, 89134080
02/11/19, 42.7625, 42.8025, 42.3125, 42.3575, 83973720
02/08/19, 42.2475, 42.665, 42.105, 42.6025, 95279884
02/07/19, 43.10, 43.485, 42.585, 42.735, 126966756
02/06/19, 43.6625, 43.8925, 43.2133, 43.56, 112958360
02/05/19, 43.215, 43.77, 43.0875, 43.545, 144406532
02/04/19, 41.8525, 42.9138, 41.82, 42.8125, 125982320
02/01/19, 41.74, 42.245, 41.4825, 41.63, 130672564
01/31/19, 41.5275, 42.25, 41.14, 41.61, 162958592
01/30/19, 40.8125, 41.5375, 40.0575, 41.3125, 244439124
01/29/19, 39.0625, 39.5325, 38.5275, 38.67, 166348952
01/28/19, 38.9475, 39.0825, 38.415, 39.075, 104768244
01/25/19, 38.87, 39.5325, 38.58, 39.44, 134191564
01/24/19, 38.5275, 38.62, 37.935, 38.175, 101766204
01/23/19, 38.5375, 38.785, 37.925, 38.48, 92522280
01/22/19, 39.1025, 39.1825, 38.155, 38.325, 121575884
01/18/19, 39.375, 39.47, 38.9952, 39.205, 135004080
01/17/19, 38.55, 39.415, 38.315, 38.965, 119284640
01/16/19, 38.27, 38.97, 38.25, 38.735, 122278844
01/15/19, 37.5675, 38.3475, 37.5125, 38.2675, 114841280
01/14/19, 37.7125, 37.8175, 37.305, 37.50, 129756756
01/11/19, 38.22, 38.425, 37.8775, 38.0725, 108092960
01/10/19, 38.125, 38.4925, 37.715, 38.45, 143122688
01/09/19, 37.8225, 38.6325, 37.4075, 38.3275, 180396312
01/08/19, 37.39, 37.955, 37.13, 37.6875, 164101248
01/07/19, 37.175, 37.2075, 36.475, 36.9825, 219111048
01/04/19, 36.1325, 37.1375, 35.95, 37.065, 234428280
01/03/19, 35.995, 36.43, 35.50, 35.5475, 365248812
01/02/19, 38.7225, 39.7125, 38.5575, 39.48, 148158952
12/31/18, 39.6325, 39.84, 39.12, 39.435, 140013892
12/28/18, 39.375, 39.63, 38.6375, 39.0575, 169165688
12/27/18, 38.96, 39.1925, 37.5175, 39.0375, 212468280
12/26/18, 37.075, 39.3075, 36.68, 39.2925, 234330156
12/24/18, 37.0375, 37.8875, 36.6475, 36.7075, 148676920
12/21/18, 39.215, 39.54, 37.4075, 37.6825, 382977532
12/20/18, 40.10, 40.5275, 38.825, 39.2075, 259091844
12/19/18, 41.50, 41.8625, 39.7725, 40.2225, 196189204
12/18/18, 41.345, 41.8825, 41.0975, 41.5175, 135366080
12/17/18, 41.3625, 42.0875, 40.6825, 40.985, 177151688
12/14/18, 42.25, 42.27, 41.32, 41.37, 162814844
12/13/18, 42.6225, 43.1425, 42.3875, 42.7375, 127591320
12/12/18, 42.60, 42.98, 42.255, 42.275, 142510688
12/11/18, 42.915, 42.9475, 41.75, 42.1575, 189126688
12/10/18, 41.25, 42.5225, 40.8325, 42.40, 248103968
12/07/18, 43.3725, 43.6225, 42.075, 42.1225, 169126532
12/06/18, 42.94, 43.695, 42.605, 43.68, 172393624
12/04/18, 45.2375, 45.5975, 44.0675, 44.1725, 165377124
12/03/18, 46.115, 46.235, 45.3025, 46.205, 163192000
11/30/18, 45.0725, 45.0825, 44.2575, 44.645, 158126204
11/29/18, 45.665, 45.70, 44.425, 44.8875, 167079968
11/28/18, 44.1825, 45.3225, 43.7325, 45.235, 184250156
11/27/18, 42.8775, 43.6925, 42.72, 43.56, 165549516
11/26/18, 43.56, 43.7375, 42.565, 43.655, 179994080
11/23/18, 43.735, 44.1488, 43.025, 43.0725, 94495884
11/21/18, 44.9325, 45.0675, 44.1375, 44.195, 124496844
11/20/18, 44.5925, 45.3675, 43.8775, 44.245, 271301000
11/19/18, 47.50, 47.675, 46.2475, 46.465, 167683484
11/16/18, 47.625, 48.7424, 47.365, 48.3825, 147712984
11/15/18, 47.0975, 47.9925, 46.725, 47.8525, 185915204
11/14/18, 48.475, 48.62, 46.4825, 46.70, 243203844
11/13/18, 47.9075, 49.295, 47.8625, 48.0575, 187531764
11/12/18, 49.75, 49.9625, 48.4475, 48.5425, 204542080
11/09/18, 51.3875, 51.5025, 50.5625, 51.1175, 137463016
11/08/18, 52.495, 52.53, 51.6875, 52.1225, 101450564
11/07/18, 51.4925, 52.515, 51.0325, 52.4875, 133697720
11/06/18, 50.48, 51.18, 50.4225, 50.9425, 127531524
11/05/18, 51.075, 51.0975, 49.5425, 50.3975, 264654688
11/02/18, 52.3875, 53.4125, 51.3575, 51.87, 365314592
11/01/18, 54.7625, 55.59, 54.2025, 55.555, 233292720
10/31/18, 54.22, 55.1125, 54.155, 54.715, 153435720
10/30/18, 52.7875, 53.795, 52.3175, 53.325, 146639968
10/29/18, 54.7975, 54.9225, 51.5225, 53.06, 183742080
10/26/18, 53.975, 55.0475, 53.1675, 54.075, 189033516
10/25/18, 54.4275, 55.345, 54.1875, 54.95, 119423080
10/24/18, 55.65, 56.0575, 53.635, 53.7725, 163700640
10/23/18, 53.9575, 55.8125, 53.675, 55.6825, 155071392
10/22/18, 54.9475, 55.84, 54.735, 55.1625, 115168320
10/19/18, 54.515, 55.315, 54.3575, 54.8275, 132314920
10/18/18, 54.465, 54.935, 53.25, 54.005, 130325280
10/17/18, 55.575, 55.66, 54.835, 55.2975, 91541600
10/16/18, 54.7325, 55.7475, 54.1907, 55.5375, 116735844
10/15/18, 55.29, 55.4575, 54.3175, 54.34, 123164040
10/12/18, 55.105, 55.72, 54.21, 55.5275, 161351392
10/11/18, 53.63, 54.875, 53.08, 53.6125, 212497564
10/10/18, 56.365, 56.5875, 54.0125, 54.09, 167962204
10/09/18, 55.91, 56.8175, 55.5616, 56.7175, 107564116
10/08/18, 55.5525, 56.20, 55.05, 55.9425, 118655680
10/05/18, 56.99, 57.1025, 55.145, 56.0725, 134321844
10/04/18, 57.695, 58.0875, 56.6825, 56.9975, 128168000
10/03/18, 57.5125, 58.3675, 57.445, 58.0175, 114619204
10/02/18, 56.8125, 57.50, 56.6575, 57.32, 99152680
10/01/18, 56.9875, 57.355, 56.5875, 56.815, 94403204
09/28/18, 56.1975, 56.46, 56.005, 56.435, 91717436
09/27/18, 55.955, 56.61, 55.885, 56.2375, 120724920
09/26/18, 55.25, 55.9375, 54.94, 55.105, 95938844
09/25/18, 54.9375, 55.705, 54.925, 55.5475, 98217524
09/24/18, 54.205, 55.315, 54.1575, 55.1975, 110773436
09/21/18, 55.195, 55.34, 54.3225, 54.415, 384987000
09/20/18, 55.06, 55.57, 54.7875, 55.0075, 106435156
09/19/18, 54.625, 54.905, 53.825, 54.5925, 108495320
09/18/18, 54.4475, 55.4625, 54.28, 54.56, 126286844
09/17/18, 55.5375, 55.7375, 54.3175, 54.47, 148780516
09/14/18, 56.4375, 56.71, 55.6305, 55.96, 127997156
09/13/18, 55.88, 57.0875, 55.6425, 56.6025, 166825516
09/12/18, 56.235, 56.25, 54.96, 55.2675, 197114952
09/11/18, 54.5025, 56.0748, 54.14, 55.9625, 142996188
09/10/18, 55.2375, 55.4625, 54.1175, 54.5825, 158065796
09/07/18, 55.4625, 56.3425, 55.1775, 55.325, 150479236
09/06/18, 56.5575, 56.8375, 55.325, 55.775, 137159920
09/05/18, 57.2475, 57.4175, 56.275, 56.7175, 133331844
09/04/18, 57.1025, 57.295, 56.6575, 57.09, 109560524
08/31/18, 56.6275, 57.2175, 56.50, 56.9075, 173360516
08/30/18, 55.8125, 57.065, 55.60, 56.2575, 195175280
08/29/18, 55.0375, 55.8725, 54.8525, 55.745, 109019204
08/28/18, 54.7525, 55.135, 54.73, 54.925, 91107080
08/27/18, 54.2875, 54.685, 54.0825, 54.485, 82100476
08/24/18, 54.15, 54.225, 53.7775, 54.04, 73905436
08/23/18, 53.6625, 54.2625, 53.65, 53.8725, 75532884
08/22/18, 53.525, 54.09, 53.46, 53.7625, 76072524
08/21/18, 54.20, 54.2975, 53.5063, 53.76, 104639040
08/20/18, 54.525, 54.795, 53.7775, 53.865, 121150796
08/17/18, 53.36, 54.4875, 53.29, 54.395, 141708000
08/16/18, 52.9375, 53.453, 52.8675, 53.33, 114001476
08/15/18, 52.305, 52.685, 52.0825, 52.56, 115230244
08/14/18, 52.5388, 52.64, 52.065, 52.4375, 82992040
08/13/18, 51.925, 52.738, 51.925, 52.2175, 103563524
08/10/18, 51.84, 52.275, 51.6675, 51.8825, 98444796
08/09/18, 51.82, 52.445, 51.80, 52.22, 93970524
08/08/18, 51.5125, 51.9525, 51.13, 51.8125, 90101960
08/07/18, 52.33, 52.375, 51.69, 51.7775, 102349564
08/06/18, 52.00, 52.3125, 51.7675, 52.2675, 101701564
08/03/18, 51.7575, 52.185, 51.3701, 51.9975, 133789592
08/02/18, 50.145, 52.095, 50.0875, 51.8475, 249616032
08/01/18, 49.7825, 50.44, 49.3275, 50.375, 271742876
07/31/18, 47.575, 48.035, 47.335, 47.5725, 157492156
07/30/18, 47.975, 48.05, 47.2675, 47.4775, 84118156
07/27/18, 48.7475, 48.7975, 47.525, 47.745, 96095884
07/26/18, 48.6525, 48.99, 48.4025, 48.5525, 76303844
07/25/18, 48.265, 48.7125, 48.1075, 48.705, 67305920
07/24/18, 48.1125, 48.415, 48.0125, 48.25, 74791600
07/23/18, 47.67, 47.99, 47.39, 47.9025, 63957480
07/20/18, 47.945, 48.1075, 47.5425, 47.86, 82824156
07/19/18, 47.4225, 48.1375, 47.4225, 47.97, 81147000
07/18/18, 47.945, 47.95, 47.4825, 47.60, 65573524
07/17/18, 47.4375, 47.9675, 47.30, 47.8625, 62138080
07/16/18, 47.88, 48.1625, 47.6038, 47.7275, 60172440
07/13/18, 47.77, 47.96, 47.725, 47.8325, 50079160
07/12/18, 47.3825, 47.8525, 47.3275, 47.7575, 72164524
07/11/18, 47.125, 47.445, 46.9025, 46.97, 75325884
07/10/18, 47.6775, 47.82, 47.545, 47.5875, 63756600
07/09/18, 47.375, 47.67, 47.325, 47.645, 79026524
07/06/18, 46.355, 47.1085, 46.30, 46.9925, 69941000
07/05/18, 46.315, 46.6025, 46.07, 46.35, 66417000
07/03/18, 46.9475, 46.9875, 45.885, 45.98, 55819240
07/02/18, 45.955, 46.825, 45.855, 46.795, 70925360
06/29/18, 46.5725, 46.7975, 45.7275, 46.2775, 90950680
06/28/18, 46.025, 46.5525, 45.95, 46.375, 69460960
06/27/18, 46.307, 46.82, 46.0075, 46.04, 101141320
06/26/18, 45.7475, 46.6325, 45.635, 46.1075, 98276796
06/25/18, 45.85, 46.23, 45.1825, 45.5425, 126652400
06/22/18, 46.53, 46.5375, 46.175, 46.23, 108801796
06/21/18, 46.8125, 47.0875, 46.235, 46.365, 102847600
06/20/18, 46.5875, 46.80, 46.4325, 46.625, 82514796
06/19/18, 46.285, 46.5825, 45.8625, 46.4225, 134313844
06/18/18, 46.97, 47.305, 46.80, 47.185, 73939476
06/15/18, 47.5075, 47.54, 47.065, 47.21, 246876640
06/14/18, 47.8875, 47.8925, 47.555, 47.70, 86440280
06/13/18, 48.105, 48.22, 47.61, 47.675, 86553564
06/12/18, 47.8463, 48.1528, 47.7875, 48.07, 67644564
06/11/18, 47.8375, 47.9925, 47.5525, 47.8075, 73233844
06/08/18, 47.7925, 48.00, 47.4425, 47.925, 106627204
06/07/18, 48.535, 48.55, 48.0838, 48.365, 85388720
06/06/18, 48.4075, 48.52, 47.98, 48.495, 83734476
06/05/18, 48.2663, 48.485, 48.09, 48.3275, 86263844
06/04/18, 47.9088, 48.355, 47.8375, 47.9575, 105064680
06/01/18, 46.9978, 47.565, 46.9375, 47.56, 93770040
05/31/18, 46.805, 47.0575, 46.535, 46.7175, 109931156
05/30/18, 46.93, 47.00, 46.695, 46.875, 74762204
05/29/18, 46.90, 47.1875, 46.7175, 46.975, 90056320
05/25/18, 47.0575, 47.4125, 46.9125, 47.145, 69843844
05/24/18, 47.1925, 47.21, 46.5525, 47.0375, 92935920
05/23/18, 46.5875, 47.125, 46.44, 47.09, 80233680
05/22/18, 47.0938, 47.22, 46.695, 46.79, 60962800
05/21/18, 47.00, 47.3175, 46.7276, 46.9075, 73603156
05/18/18, 46.7975, 46.9526, 46.5325, 46.5775, 73190920
05/17/18, 47.00, 47.2275, 46.59, 46.7475, 69176116
05/16/18, 46.5175, 47.115, 46.50, 47.045, 76732244
05/15/18, 46.695, 46.7675, 46.275, 46.61, 94780640
05/14/18, 47.2525, 47.3825, 46.965, 47.0375, 83115080
05/11/18, 47.3725, 47.515, 46.8625, 47.1475, 104848884
05/10/18, 46.935, 47.5925, 46.9125, 47.51, 111957156
05/09/18, 46.6375, 46.85, 46.305, 46.84, 92844960
05/08/18, 46.2475, 46.555, 45.9163, 46.5125, 113611116
05/07/18, 46.295, 46.9175, 46.1875, 46.29, 169805688
05/04/18, 44.5625, 46.0625, 44.5425, 45.9575, 224805280
05/03/18, 43.97, 44.375, 43.6103, 44.2225, 136272720
05/02/18, 43.8063, 44.4375, 43.45, 44.1425, 266157468
05/01/18, 41.6025, 42.30, 41.3175, 42.275, 214277516
04/30/18, 40.5325, 41.815, 40.46, 41.315, 169709688
04/27/18, 41.00, 41.0825, 40.1575, 40.58, 142623360
04/26/18, 41.03, 41.4325, 40.8425, 41.055, 111852040
04/25/18, 40.655, 41.355, 40.6025, 40.9125, 113528320
04/24/18, 41.4175, 41.5825, 40.305, 40.735, 134768080
04/23/18, 41.7088, 41.73, 41.0225, 41.31, 146061920
04/20/18, 42.6488, 42.8046, 41.3575, 41.43, 261964564
04/19/18, 43.7375, 43.8475, 43.165, 43.20, 139235204
04/18/18, 44.4525, 44.705, 44.22, 44.46, 83018156
04/17/18, 44.1225, 44.7341, 44.1025, 44.56, 106421756
04/16/18, 43.7575, 44.0475, 43.7075, 43.955, 86313680
04/13/18, 43.695, 43.96, 43.4625, 43.6825, 100497040
04/12/18, 43.3525, 43.75, 43.26, 43.535, 91557156
04/11/18, 43.0575, 43.4808, 42.925, 43.11, 89726564
04/10/18, 43.25, 43.50, 42.8825, 43.3125, 114456960
04/09/18, 42.47, 43.2725, 42.4613, 42.5125, 116070884
04/06/18, 42.7425, 43.12, 42.05, 42.095, 140021156
04/05/18, 43.145, 43.5576, 43.02, 43.20, 107732796
04/04/18, 41.22, 43.0025, 41.1925, 42.9025, 138421952
04/03/18, 41.91, 42.1864, 41.22, 42.0975, 121112204
04/02/18, 41.97, 42.235, 41.1175, 41.67, 150347172
03/29/18, 41.9513, 42.9375, 41.725, 41.945, 153594048
03/28/18, 41.8125, 42.505, 41.2975, 41.62, 166674204
03/27/18, 43.42, 43.7875, 41.73, 42.085, 163690312
03/26/18, 42.0175, 43.275, 41.61, 43.1925, 150164952
03/23/18, 42.0975, 42.48, 41.235, 41.235, 164115124
03/22/18, 42.50, 43.17, 42.15, 42.2125, 165963080
03/21/18, 43.76, 43.7725, 42.815, 42.8175, 148219764
03/20/18, 43.81, 44.20, 43.735, 43.81, 78597400
03/19/18, 44.33, 44.3675, 43.415, 43.825, 133787080
03/16/18, 44.6625, 44.78, 44.405, 44.505, 157618752
03/15/18, 44.625, 45.06, 44.5175, 44.6625, 90975204
03/14/18, 45.08, 45.13, 44.4525, 44.61, 117473040
03/13/18, 45.6475, 45.875, 44.81, 44.9925, 126774116
03/12/18, 45.0725, 45.5975, 45.0525, 45.43, 128828320
03/09/18, 44.49, 45.00, 44.3475, 44.995, 128740640
03/08/18, 43.87, 44.28, 43.7675, 44.235, 95096436
03/07/18, 43.735, 43.9625, 43.5675, 43.7575, 126813844
03/06/18, 44.4775, 44.5625, 44.0325, 44.1675, 95154040
03/05/18, 43.8025, 44.435, 43.63, 44.205, 113605476
03/02/18, 43.20, 44.075, 43.1125, 44.0525, 153815812
03/01/18, 44.635, 44.9438, 43.165, 43.75, 195207876
02/28/18, 44.815, 45.1538, 44.5125, 44.53, 151128564
02/27/18, 44.775, 45.12, 44.54, 44.5975, 155712516
02/26/18, 44.0875, 44.8475, 44.0525, 44.7425, 152648672
02/23/18, 43.4175, 43.9125, 43.385, 43.875, 135249436
02/22/18, 42.95, 43.4875, 42.9275, 43.125, 123967756
02/21/18, 43.2075, 43.53, 42.7525, 42.7675, 149886484
02/20/18, 43.0125, 43.565, 42.855, 42.9625, 135722156
02/16/18, 43.09, 43.705, 42.9425, 43.1075, 160704360
02/15/18, 42.4475, 43.2725, 42.25, 43.2475, 204588672
02/14/18, 40.7612, 41.885, 40.72, 41.8425, 162579720
02/13/18, 40.4875, 41.1875, 40.4125, 41.085, 130196640
02/12/18, 39.625, 40.9725, 39.3775, 40.6775, 243278156
02/09/18, 39.2675, 39.4725, 37.56, 39.1025, 282690436
02/08/18, 40.0725, 40.25, 38.7575, 38.7875, 217562080
02/07/18, 40.7713, 40.85, 39.7671, 39.885, 206434312
02/06/18, 38.7075, 40.93, 38.50, 40.7575, 272975376
02/05/18, 39.775, 40.97, 39.00, 39.1225, 290954092
02/02/18, 41.50, 41.70, 40.025, 40.125, 346375312
02/01/18, 41.7913, 42.155, 41.69, 41.945, 188923172
01/31/18, 41.7175, 42.1104, 41.625, 41.8575, 129915720
01/30/18, 41.3813, 41.8425, 41.175, 41.7425, 184192764
01/29/18, 42.54, 42.54, 41.7675, 41.99, 202561624
01/26/18, 43.00, 43.00, 42.515, 42.8775, 156572032
01/25/18, 43.6263, 43.7375, 42.6325, 42.7775, 166116000
01/24/18, 44.3125, 44.325, 43.30, 43.555, 204420360
01/23/18, 44.325, 44.86, 44.205, 44.26, 130756600
01/22/18, 44.325, 44.445, 44.1504, 44.25, 108434204
01/19/18, 44.6525, 44.895, 44.3525, 44.615, 129700280
01/18/18, 44.8425, 45.025, 44.5625, 44.815, 124773400
01/17/18, 44.0375, 44.8125, 43.7675, 44.775, 137547360
01/16/18, 44.475, 44.8475, 44.035, 44.0475, 118263796
01/12/18, 44.045, 44.34, 43.9125, 44.2725, 101672320
01/11/18, 43.6475, 43.8722, 43.6225, 43.82, 74670920
01/10/18, 43.29, 43.575, 43.25, 43.5725, 95839600
01/09/18, 43.6375, 43.765, 43.3525, 43.5825, 86336000
01/08/18, 43.5875, 43.9025, 43.4825, 43.5875, 82271080
01/05/18, 43.36, 43.8425, 43.2625, 43.75, 94640080
01/04/18, 43.135, 43.3675, 43.02, 43.2575, 89738400
01/03/18, 43.1325, 43.6375, 42.99, 43.0575, 118071600
01/02/18, 42.54, 43.075, 42.315, 43.065, 102223720
12/29/17, 42.63, 42.6475, 42.305, 42.3075, 103999680
12/28/17, 42.75, 42.9625, 42.62, 42.77, 65920756
12/27/17, 42.525, 42.695, 42.4275, 42.65, 85992844
12/26/17, 42.70, 42.8675, 42.4198, 42.6425, 132742156
12/22/17, 43.67, 43.856, 43.625, 43.7525, 65397760
12/21/17, 43.5425, 44.005, 43.525, 43.7525, 83799600
12/20/17, 43.7175, 43.855, 43.3125, 43.5875, 93902600
12/19/17, 43.7575, 43.8475, 43.5225, 43.635, 109745796
12/18/17, 43.72, 44.30, 43.715, 44.105, 117684436
12/15/17, 43.4075, 43.5425, 43.115, 43.4925, 160677248
12/14/17, 43.10, 43.2825, 42.9125, 43.055, 81906156
12/13/17, 43.125, 43.385, 43.00, 43.0675, 95273796
12/12/17, 43.0375, 43.0975, 42.8653, 42.925, 77636920
12/11/17, 42.30, 43.2225, 42.1975, 43.1675, 141095048
12/08/17, 42.6225, 42.75, 42.205, 42.3425, 93420920
12/07/17, 42.2575, 42.61, 42.2275, 42.33, 102693244
12/06/17, 41.875, 42.5512, 41.615, 42.2525, 114240000
12/05/17, 42.265, 42.88, 42.10, 42.41, 109400600
12/04/17, 43.12, 43.155, 42.4075, 42.45, 130169564
12/01/17, 42.4875, 42.9175, 42.125, 42.7625, 159037156
11/30/17, 42.6075, 43.035, 42.11, 42.9625, 166108876
11/29/17, 43.1575, 43.23, 41.79, 42.37, 166665436
11/28/17, 43.575, 43.7175, 42.965, 43.2675, 105715204
11/27/17, 43.7625, 43.77, 43.335, 43.5225, 82867204
11/24/17, 43.775, 43.875, 43.6615, 43.7425, 56106680
11/22/17, 43.34, 43.75, 43.2625, 43.74, 102355720
11/21/17, 42.695, 43.425, 42.695, 43.285, 100525204
11/20/17, 42.5725, 42.64, 42.39, 42.495, 65049800
11/17/17, 42.76, 42.8475, 42.41, 42.5375, 87598156
11/16/17, 42.795, 42.9675, 42.575, 42.775, 94549920
11/15/17, 42.4925, 42.5799, 42.095, 42.27, 116632280
11/14/17, 43.26, 43.37, 42.795, 42.835, 99129960
11/13/17, 43.375, 43.625, 43.35, 43.4925, 67928320
11/10/17, 43.7775, 43.845, 43.5675, 43.6675, 100582000
11/09/17, 43.7775, 44.0238, 43.285, 43.97, 117930400
11/08/17, 43.665, 44.06, 43.5825, 44.06, 97638116
11/07/17, 43.4775, 43.8125, 43.40, 43.7025, 97445960
11/06/17, 43.0913, 43.7475, 42.93, 43.5625, 140105248
11/03/17, 43.50, 43.565, 42.78, 43.125, 237594532
11/02/17, 41.91, 42.125, 41.32, 42.0275, 165573468
11/01/17, 42.4675, 42.485, 41.4025, 41.7225, 134551048
10/31/17, 41.975, 42.4125, 41.735, 42.26, 144187328
10/30/17, 40.9725, 42.0175, 40.93, 41.68, 178803080
10/27/17, 39.8225, 40.90, 39.675, 40.7625, 177816640
10/26/17, 39.3075, 39.4574, 39.195, 39.3525, 68001884
10/25/17, 39.2275, 39.3875, 38.8175, 39.1025, 84828400
10/24/17, 39.0725, 39.355, 39.05, 39.275, 71028920
10/23/17, 39.2225, 39.4225, 38.875, 39.0425, 87937320
10/20/17, 39.1525, 39.4375, 38.99, 39.0625, 95896600
10/19/17, 39.1875, 39.27, 38.755, 38.995, 170336672
10/18/17, 40.105, 40.1775, 39.90, 39.94, 65496640
10/17/17, 39.945, 40.2175, 39.8075, 40.1175, 75989116
10/16/17, 39.475, 40.00, 39.4125, 39.97, 96485796
10/13/17, 39.1825, 39.32, 39.1025, 39.2475, 65576756
10/12/17, 39.0875, 39.3425, 38.9325, 39.00, 64500200
10/11/17, 38.9925, 39.245, 38.9375, 39.1375, 67622564
10/10/17, 39.0138, 39.50, 38.775, 38.975, 62468040
10/09/17, 38.9525, 39.1825, 38.8713, 38.96, 65051680
10/06/17, 38.7425, 38.8725, 38.64, 38.825, 69630244
10/05/17, 38.545, 38.86, 38.5125, 38.8475, 85135080
10/04/17, 38.4075, 38.465, 38.115, 38.37, 80655000
10/03/17, 38.5025, 38.7725, 38.4775, 38.62, 64921160
10/02/17, 38.565, 38.6125, 38.18, 38.4525, 74795360
09/29/17, 38.3025, 38.5325, 38.00, 38.53, 105199244
09/28/17, 38.4725, 38.57, 38.175, 38.32, 88021844
09/27/17, 38.45, 38.6797, 38.385, 38.5575, 102016920
09/26/17, 37.945, 38.48, 37.9225, 38.285, 146640188
09/25/17, 37.4975, 37.9575, 37.29, 37.6375, 177549360
09/22/17, 38.005, 38.0675, 37.64, 37.9725, 186581764
09/21/17, 38.95, 38.95, 38.1875, 38.3475, 150046640
09/20/17, 39.475, 39.565, 38.4575, 39.0175, 211805436
09/19/17, 39.8775, 39.9425, 39.61, 39.6825, 83242524
09/18/17, 40.0275, 40.125, 39.4988, 39.6675, 113077756
09/15/17, 39.6175, 40.2425, 39.50, 39.97, 196458408
09/14/17, 39.7475, 39.85, 39.5225, 39.57, 95043000
09/13/17, 39.9675, 39.99, 39.4775, 39.9125, 179629436
09/12/17, 40.6525, 40.99, 39.6925, 40.215, 286856188
09/11/17, 40.125, 40.5125, 39.9725, 40.375, 126323204
09/08/17, 40.215, 40.2875, 39.6325, 39.6575, 114446156
09/07/17, 40.5225, 40.56, 40.09, 40.315, 87714000
09/06/17, 40.6775, 40.7475, 40.13, 40.4775, 86606920
09/05/17, 40.9375, 41.0625, 40.14, 40.52, 118145244
09/01/17, 41.20, 41.235, 40.9075, 41.0125, 66364204
08/31/17, 40.91, 41.13, 40.87, 41.00, 107140400
08/30/17, 40.95, 40.9725, 40.6525, 40.8375, 109078320
08/29/17, 40.025, 40.78, 40.00, 40.7275, 118067640
08/28/17, 40.035, 40.50, 39.9825, 40.3675, 103863884
08/25/17, 39.9125, 40.14, 39.8175, 39.965, 101920244
08/24/17, 40.1075, 40.185, 39.6375, 39.8175, 79275680
08/23/17, 39.7675, 40.1175, 39.72, 39.995, 77596320
08/22/17, 39.5575, 40.00, 39.505, 39.945, 86418360
08/21/17, 39.375, 39.4725, 38.7775, 39.3025, 105474116
08/18/17, 39.465, 39.875, 39.18, 39.375, 109712280
08/17/17, 40.13, 40.1775, 39.46, 39.465, 111762280
08/16/17, 40.485, 40.6275, 40.0375, 40.2375, 110686436
08/15/17, 40.165, 40.5488, 40.035, 40.40, 117861960
08/14/17, 39.83, 40.0525, 39.6875, 39.9625, 88490920
08/11/17, 39.15, 39.6432, 39.0175, 39.37, 105028400
08/10/17, 39.975, 40.00, 38.6575, 38.83, 163217092
08/09/17, 39.815, 40.3175, 39.7775, 40.265, 104526116
08/08/17, 39.65, 40.4575, 39.5675, 40.02, 144823592
08/07/17, 39.265, 39.73, 39.1675, 39.7025, 87481280
08/04/17, 39.0175, 39.35, 38.9225, 39.0975, 82239400
08/03/17, 39.2625, 39.3025, 38.755, 38.8925, 108389204
08/02/17, 39.82, 39.9375, 39.04, 39.285, 279747188
08/01/17, 37.275, 37.555, 37.1025, 37.5125, 141474592
07/31/17, 37.475, 37.5825, 37.0325, 37.1825, 79383680
07/28/17, 37.4725, 37.5575, 37.2975, 37.375, 68854600
07/27/17, 38.4375, 38.4975, 36.825, 37.64, 129905360
07/26/17, 38.3375, 38.4825, 38.265, 38.365, 63123800
07/25/17, 37.95, 38.46, 37.95, 38.185, 75415720
07/24/17, 37.645, 38.11, 37.475, 38.0225, 85972640
07/21/17, 37.4975, 37.61, 37.22, 37.5675, 105010524
07/20/17, 37.875, 37.935, 37.5475, 37.585, 68975000
07/19/17, 37.62, 37.855, 37.4875, 37.755, 83691884
07/18/17, 37.30, 37.5325, 37.1675, 37.52, 71475156
07/17/17, 37.205, 37.725, 37.1425, 37.39, 95173844
07/14/17, 36.9925, 37.3325, 36.8325, 37.26, 80528244
07/13/17, 36.375, 37.1225, 36.36, 36.9425, 100797476
07/12/17, 36.4675, 36.545, 36.205, 36.435, 99537920
07/11/17, 36.1825, 36.4625, 36.095, 36.3825, 79127360
07/10/17, 36.0275, 36.4875, 35.8425, 36.265, 84362564
07/07/17, 35.725, 36.1875, 35.725, 36.045, 76806844
07/06/17, 35.755, 35.875, 35.6025, 35.6825, 96515116
07/05/17, 35.9225, 36.1975, 35.6809, 36.0225, 86278244
07/03/17, 36.22, 36.325, 35.775, 35.875, 57111400
06/30/17, 36.1125, 36.24, 35.945, 36.005, 92096436
06/29/17, 36.1775, 36.2825, 35.57, 35.92, 125997476
06/28/17, 36.1225, 36.5275, 35.79, 36.4575, 88329720
06/27/17, 36.2525, 36.54, 35.905, 35.9325, 99047564
06/26/17, 36.7925, 37.07, 36.345, 36.455, 102769436
06/23/17, 36.2825, 36.79, 36.2775, 36.57, 141757564
06/22/17, 36.4425, 36.675, 36.28, 36.4075, 76425156
06/21/17, 36.38, 36.5173, 36.1525, 36.4675, 85063000
06/20/17, 36.7175, 36.7175, 36.235, 36.2525, 99600280
06/19/17, 35.915, 36.685, 35.915, 36.585, 130165600
06/16/17, 35.945, 36.125, 35.55, 35.5675, 201444360
06/15/17, 35.83, 36.12, 35.5525, 36.0725, 128661476
06/14/17, 36.875, 36.875, 35.96, 36.29, 126124920
06/13/17, 36.79, 36.8625, 36.2875, 36.6475, 136661796
06/12/17, 36.435, 36.5225, 35.6275, 36.355, 289229312
06/09/17, 38.7975, 38.7975, 36.505, 37.245, 259530640
06/08/17, 38.8125, 38.885, 38.60, 38.7475, 85003204
06/07/17, 38.755, 38.995, 38.62, 38.8425, 84278600
06/06/17, 38.475, 38.9525, 38.445, 38.6125, 106499720
06/05/17, 38.585, 38.6125, 38.365, 38.4825, 101326640
06/02/17, 38.395, 38.8625, 38.2225, 38.8625, 111082884
06/01/17, 38.2925, 38.3325, 38.055, 38.295, 65616360
05/31/17, 38.4925, 38.5425, 38.095, 38.19, 97804640
05/30/17, 38.355, 38.6075, 38.3325, 38.4175, 80507400
05/26/17, 38.50, 38.56, 38.3275, 38.4025, 87710564
05/25/17, 38.4325, 38.5875, 38.2575, 38.4675, 76942400
05/24/17, 38.46, 38.5425, 38.1675, 38.335, 76876600
05/23/17, 38.725, 38.725, 38.3275, 38.45, 79675476
05/22/17, 38.50, 38.645, 38.2275, 38.4975, 91865756
05/19/17, 38.345, 38.495, 38.1575, 38.265, 107843156
05/18/17, 37.8175, 38.335, 37.7825, 38.135, 134272876
05/17/17, 38.40, 38.6425, 37.4275, 37.5625, 203070720
05/16/17, 38.985, 39.015, 38.68, 38.8675, 80193920
05/15/17, 39.0025, 39.1625, 38.7625, 38.925, 104038884
05/12/17, 38.675, 39.105, 38.6675, 39.025, 130108080
05/11/17, 38.1125, 38.5175, 38.0775, 38.4875, 109020244
05/10/17, 38.4075, 38.485, 38.0275, 38.315, 103222756
05/09/17, 38.4675, 38.72, 38.3625, 38.4975, 156521436
05/08/17, 37.2575, 38.425, 37.2575, 38.2525, 195009624
05/05/17, 36.69, 37.245, 36.69, 37.24, 109310920
05/04/17, 36.63, 36.785, 36.4525, 36.6325, 93487476
05/03/17, 36.3975, 36.8725, 36.0675, 36.765, 182788124
05/02/17, 36.885, 37.0225, 36.71, 36.8775, 181408764
05/01/17, 36.275, 36.80, 36.24, 36.645, 134411764
04/28/17, 36.0225, 36.075, 35.8175, 35.9125, 83441436
04/27/17, 35.9808, 36.04, 35.8275, 35.9475, 56985400
04/26/17, 36.1175, 36.15, 35.8441, 35.92, 80164960
04/25/17, 35.9775, 36.225, 35.9675, 36.1325, 75486000
04/24/17, 35.875, 35.9875, 35.795, 35.91, 68537320
04/21/17, 35.61, 35.67, 35.4625, 35.5675, 69283720
04/20/17, 35.305, 35.73, 35.29, 35.61, 93278244
04/19/17, 35.47, 35.50, 35.1125, 35.17, 69313524
04/18/17, 35.3525, 35.51, 35.2775, 35.30, 58790160
04/17/17, 35.37, 35.47, 35.2175, 35.4575, 66328360
04/13/17, 35.4775, 35.595, 35.2625, 35.2625, 71291524
04/12/17, 35.40, 35.5375, 35.2525, 35.45, 81400000
04/11/17, 35.735, 35.8375, 35.015, 35.4075, 121517524
04/10/17, 35.90, 35.9698, 35.725, 35.7925, 75733600
04/07/17, 35.9325, 36.045, 35.8175, 35.835, 66688796
04/06/17, 36.0725, 36.13, 35.8625, 35.915, 84596116
04/05/17, 36.055, 36.365, 35.9525, 36.005, 110871400
04/04/17, 35.8125, 36.2225, 35.7925, 36.1925, 79565400
04/03/17, 35.9275, 36.03, 35.7625, 35.925, 79942844
03/31/17, 35.93, 36.0675, 35.7525, 35.915, 78646600
03/30/17, 36.0475, 36.125, 35.875, 35.9825, 84829000
03/29/17, 35.92, 36.1225, 35.7975, 36.03, 116759844
03/28/17, 35.2275, 36.01, 35.155, 35.95, 133499236
03/27/17, 34.8475, 35.305, 34.655, 35.22, 94300360
03/24/17, 35.375, 35.435, 35.0875, 35.16, 89582244
03/23/17, 35.315, 35.3961, 35.1525, 35.23, 81385204
03/22/17, 34.9613, 35.40, 34.94, 35.355, 103440680
03/21/17, 35.5275, 35.70, 34.9325, 34.96, 158119640
03/20/17, 35.10, 35.375, 35.0575, 35.365, 86168156
03/17/17, 35.25, 35.25, 34.9725, 34.9975, 175539812
03/16/17, 35.18, 35.255, 35.065, 35.1725, 76928000
03/15/17, 34.8525, 35.1875, 34.7563, 35.115, 102767080
03/14/17, 34.825, 34.9125, 34.71, 34.7475, 61236280
03/13/17, 34.7125, 34.8575, 34.705, 34.80, 69686884
03/10/17, 34.8125, 34.8393, 34.66, 34.785, 78451204
03/09/17, 34.685, 34.6975, 34.2625, 34.67, 88623600
03/08/17, 34.7375, 34.95, 34.705, 34.75, 74828960
03/07/17, 34.765, 34.995, 34.6975, 34.88, 69785204
03/06/17, 34.8413, 34.9425, 34.649, 34.835, 87000156
03/03/17, 34.695, 34.9575, 34.6475, 34.945, 86284476
03/02/17, 35.00, 35.0697, 34.69, 34.74, 104843920
03/01/17, 34.4725, 35.0375, 34.3988, 34.9475, 145658376
02/28/17, 34.27, 34.3588, 34.175, 34.2475, 93931436
02/27/17, 34.285, 34.3588, 34.07, 34.2325, 81029720
02/24/17, 33.9775, 34.165, 33.82, 34.165, 87106360
02/23/17, 34.345, 34.37, 34.075, 34.1325, 83152756
02/22/17, 34.1075, 34.28, 34.0275, 34.2775, 83347720
02/21/17, 34.0575, 34.1875, 33.995, 34.175, 98028640
02/17/17, 33.775, 33.9575, 33.775, 33.93, 88792796
02/16/17, 33.9175, 33.975, 33.71, 33.8363, 90338244
02/15/17, 33.88, 34.0675, 33.655, 33.8775, 142492408
02/14/17, 33.3675, 33.7725, 33.3125, 33.755, 132904876
02/13/17, 33.27, 33.455, 33.1875, 33.3225, 92141680
02/10/17, 33.115, 33.235, 33.0125, 33.03, 80261844
02/09/17, 32.9125, 33.1113, 32.78, 33.105, 113399436
02/08/17, 32.8375, 33.055, 32.805, 33.01, 92016280
02/07/17, 32.635, 33.0225, 32.6125, 32.8825, 152735360
02/06/17, 32.2825, 32.625, 32.225, 32.5725, 107383680
02/03/17, 32.0775, 32.2975, 32.04, 32.27, 98029204
02/02/17, 31.9938, 32.3475, 31.945, 32.1325, 134841624
02/01/17, 31.7575, 32.6225, 31.7525, 32.1875, 447940000
01/31/17, 30.2875, 30.3475, 30.155, 30.3375, 196803968
01/30/17, 30.2325, 30.4075, 30.165, 30.4075, 121510000
01/27/17, 30.535, 30.5875, 30.40, 30.4875, 82251756
01/26/17, 30.4175, 30.61, 30.40, 30.485, 105350320
01/25/17, 30.105, 30.525, 30.07, 30.47, 130346680
01/24/17, 29.8875, 30.025, 29.875, 29.9925, 92844156
01/23/17, 30.00, 30.2025, 29.9425, 30.02, 88200884
01/20/17, 30.1125, 30.1125, 29.9337, 30.00, 130391564
01/19/17, 29.85, 30.0225, 29.8425, 29.945, 102389156
01/18/17, 30.00, 30.125, 29.9275, 29.9975, 94851844
01/17/17, 29.585, 30.06, 29.555, 30.00, 137759360
01/13/17, 29.7775, 29.905, 29.7025, 29.76, 104447796
01/12/17, 29.7238, 29.825, 29.5525, 29.8125, 108344884
01/11/17, 29.685, 29.9825, 29.65, 29.9375, 110354360
01/10/17, 29.6925, 29.845, 29.575, 29.7775, 97848204
01/09/17, 29.4875, 29.8575, 29.485, 29.7475, 134247812
01/06/17, 29.195, 29.54, 29.1175, 29.4775, 127007600
01/05/17, 28.98, 29.2161, 28.9525, 29.1525, 88774360
01/04/17, 28.9625, 29.1275, 28.9375, 29.005, 84472476
01/03/17, 28.95, 29.0825, 28.69, 29.0375, 115127476
12/30/16, 29.1625, 29.30, 28.8575, 28.955, 122345080
12/29/16, 29.1125, 29.2774, 29.10, 29.1825, 60158080
12/28/16, 29.38, 29.5042, 29.05, 29.19, 83623564
12/27/16, 29.13, 29.45, 29.1225, 29.315, 73187436
12/23/16, 28.8975, 29.13, 28.8975, 29.13, 56997920
12/22/16, 29.0875, 29.1275, 28.91, 29.0725, 104343400
12/21/16, 29.20, 29.35, 29.195, 29.265, 95132680
12/20/16, 29.185, 29.375, 29.17, 29.2375, 85699884
12/19/16, 28.95, 29.345, 28.9375, 29.16, 111117680
12/16/16, 29.1175, 29.125, 28.9113, 28.9925, 177404516
12/15/16, 28.845, 29.1825, 28.8075, 28.955, 186098156
12/14/16, 28.76, 29.05, 28.745, 28.7975, 136127328
12/13/16, 28.46, 28.98, 28.4375, 28.7975, 174935236
12/12/16, 28.3225, 28.75, 28.1225, 28.325, 105497524
12/09/16, 28.0775, 28.675, 28.0775, 28.4875, 137610532
12/08/16, 27.715, 28.1075, 27.65, 28.03, 108273280
12/07/16, 27.315, 27.7975, 27.29, 27.7575, 119994884
12/06/16, 27.375, 27.59, 27.2975, 27.4875, 104781844
12/05/16, 27.50, 27.5075, 27.0625, 27.2775, 137298156
12/02/16, 27.2925, 27.5225, 27.2125, 27.475, 106112000
12/01/16, 27.5913, 27.735, 27.2575, 27.3725, 148347436
11/30/16, 27.90, 28.05, 27.5675, 27.63, 144648640
11/29/16, 27.695, 28.0075, 27.5175, 27.865, 114115000
11/28/16, 27.8575, 28.1163, 27.8475, 27.8925, 108775920
11/25/16, 27.7825, 27.9675, 27.7375, 27.9475, 45903680
11/23/16, 27.84, 27.8775, 27.5825, 27.8075, 109705564
11/22/16, 27.9875, 28.105, 27.85, 27.95, 103862116
11/21/16, 27.53, 27.9975, 27.5025, 27.9325, 117058280
11/18/16, 27.43, 27.635, 27.415, 27.515, 113715680
11/17/16, 27.4525, 27.5875, 27.2075, 27.4875, 110528000
11/16/16, 26.675, 27.5575, 26.65, 27.4975, 235362080
11/15/16, 26.6425, 26.92, 26.5398, 26.7775, 129058040
11/14/16, 26.9275, 26.9523, 26.02, 26.4275, 204702000
11/11/16, 26.78, 27.2175, 26.6375, 27.1075, 136575592
11/10/16, 27.7725, 27.7725, 26.4575, 26.9475, 228538156
11/09/16, 27.47, 27.83, 27.0125, 27.72, 236705436
11/08/16, 27.5775, 27.93, 27.425, 27.765, 97016720
11/07/16, 27.52, 27.6275, 27.365, 27.6025, 130240000
11/04/16, 27.1325, 27.5625, 27.0275, 27.21, 123348000
11/03/16, 27.745, 27.865, 27.3875, 27.4575, 107730400
11/02/16, 27.85, 28.0875, 27.8075, 27.8975, 113326844
11/01/16, 28.365, 28.4425, 27.6325, 27.8725, 175303236
10/31/16, 28.4125, 28.5575, 28.30, 28.385, 105677600
10/28/16, 28.4675, 28.8025, 28.3625, 28.43, 151446640
10/27/16, 28.8475, 28.965, 28.525, 28.62, 138248188
10/26/16, 28.5775, 28.925, 28.3275, 28.8975, 264536876
10/25/16, 29.4875, 29.59, 29.3275, 29.5625, 192515876
10/24/16, 29.275, 29.435, 29.25, 29.4125, 94154680
10/21/16, 29.2025, 29.2275, 29.07, 29.15, 92770680
10/20/16, 29.215, 29.345, 29.0825, 29.265, 96503204
10/19/16, 29.3125, 29.44, 28.45, 29.28, 80138360
10/18/16, 29.545, 29.5525, 29.3625, 29.3675, 98213920
10/17/16, 29.3325, 29.46, 29.195, 29.3875, 94499600
10/14/16, 29.47, 29.5425, 29.2825, 29.4075, 142608764
10/13/16, 29.1975, 29.36, 28.93, 29.245, 140769624
10/12/16, 29.3375, 29.495, 29.1875, 29.335, 150347172
10/11/16, 29.425, 29.6725, 29.05, 29.075, 256164156
10/10/16, 28.755, 29.1875, 28.68, 29.0125, 144943844
10/07/16, 28.5775, 28.64, 28.3775, 28.515, 97433756
10/06/16, 28.425, 28.585, 28.2825, 28.4725, 115117244
10/05/16, 28.35, 28.415, 28.1725, 28.2625, 85812360
10/04/16, 28.265, 28.5775, 28.1575, 28.25, 118947360
10/03/16, 28.1775, 28.2625, 28.07, 28.13, 86807040
09/30/16, 28.115, 28.3425, 27.95, 28.2625, 145516452
09/29/16, 28.29, 28.45, 27.95, 28.045, 143547968
09/28/16, 28.4225, 28.66, 28.3575, 28.4875, 118564360
09/27/16, 28.25, 28.295, 28.085, 28.2725, 98429640
09/26/16, 27.91, 28.3475, 27.8875, 28.22, 119477756
09/23/16, 28.605, 28.6975, 27.8875, 28.1775, 209924608
09/22/16, 28.5875, 28.735, 28.50, 28.655, 124295920
09/21/16, 28.4625, 28.4973, 28.1103, 28.3875, 144012764
09/20/16, 28.2625, 28.53, 28.1275, 28.3925, 138057092
09/19/16, 28.7975, 29.045, 28.3125, 28.395, 188092188
09/16/16, 28.78, 29.0325, 28.51, 28.73, 319547656
09/15/16, 28.465, 28.9325, 28.3725, 28.8925, 362452752
09/14/16, 27.1825, 28.2575, 27.15, 27.9425, 449361220
09/13/16, 26.8775, 27.1975, 26.81, 26.9875, 248704764
09/12/16, 25.6625, 26.43, 25.6325, 26.36, 181171080
09/09/16, 26.16, 26.43, 25.7825, 25.7825, 186227920
09/08/16, 26.8125, 26.8175, 26.31, 26.38, 212008124
09/07/16, 26.9575, 27.19, 26.7675, 27.09, 169457312
09/06/16, 26.975, 27.075, 26.8775, 26.925, 107521564
09/02/16, 26.925, 27.00, 26.705, 26.9325, 107209796
09/01/16, 26.535, 26.70, 26.405, 26.6825, 106806080
08/31/16, 26.415, 26.6425, 26.41, 26.525, 118649640
08/30/16, 26.45, 26.625, 26.375, 26.50, 99455796
08/29/16, 26.655, 26.86, 26.5725, 26.705, 99881204
08/26/16, 26.8525, 26.9875, 26.5775, 26.735, 111065156
08/25/16, 26.8475, 26.97, 26.67, 26.8925, 100345000
08/24/16, 27.1413, 27.1875, 26.92, 27.0075, 94700320
08/23/16, 27.1475, 27.33, 27.1325, 27.2125, 85030680
08/22/16, 27.215, 27.275, 26.9625, 27.1275, 103280920
08/19/16, 27.1925, 27.4225, 27.09, 27.34, 101472280
08/18/16, 27.3075, 27.40, 27.255, 27.27, 87938796
08/17/16, 27.275, 27.3425, 27.085, 27.305, 101423920
08/16/16, 27.4075, 27.5575, 27.3025, 27.345, 135177796
08/15/16, 27.035, 27.385, 27.02, 27.37, 103472844
08/12/16, 26.945, 27.11, 26.945, 27.045, 74641720
08/11/16, 27.13, 27.2325, 26.9625, 26.9825, 109938040
08/10/16, 27.1775, 27.225, 26.94, 27.00, 96034040
08/09/16, 27.0575, 27.235, 27.0025, 27.2025, 105260796
08/08/16, 26.88, 27.0925, 26.79, 27.0925, 112148884
08/05/16, 26.5675, 26.9125, 26.545, 26.87, 162213592
08/04/16, 26.395, 26.50, 26.32, 26.4675, 109634600
08/03/16, 26.2025, 26.46, 26.1925, 26.4475, 120810564
08/02/16, 26.5125, 26.5175, 26.00, 26.12, 135266236
08/01/16, 26.1025, 26.5375, 26.1025, 26.5125, 152671484
07/29/16, 26.0475, 26.1375, 25.92, 26.0525, 110934756
07/28/16, 25.7075, 26.1125, 25.705, 26.085, 159479360
07/27/16, 26.0663, 26.0875, 25.6875, 25.7375, 369379248
07/26/16, 24.205, 24.4925, 24.105, 24.1675, 224959280
07/25/16, 24.5625, 24.71, 24.23, 24.335, 161531688
07/22/16, 24.815, 24.825, 24.5775, 24.665, 113254680
07/21/16, 24.9575, 25.25, 24.7825, 24.8575, 130808116
07/20/16, 25.00, 25.115, 24.9338, 24.99, 105103884
07/19/16, 24.89, 25.00, 24.835, 24.9675, 95119680
07/18/16, 24.675, 25.0325, 24.65, 24.9575, 145975484
07/15/16, 24.73, 24.825, 24.625, 24.695, 120547960
07/14/16, 24.3475, 24.7475, 24.33, 24.6975, 155676000
07/13/16, 24.3525, 24.4175, 24.21, 24.2175, 103568680
07/12/16, 24.2925, 24.425, 24.28, 24.355, 96669844
07/11/16, 24.1875, 24.4125, 24.1825, 24.245, 95179796
07/08/16, 24.1225, 24.2225, 24.0125, 24.17, 115648400
07/07/16, 23.925, 24.125, 23.905, 23.985, 100558244
07/06/16, 23.65, 23.915, 23.5925, 23.8825, 123796360
07/05/16, 23.8475, 23.85, 23.615, 23.7475, 110820844
07/01/16, 23.8725, 24.1163, 23.8325, 23.9725, 104106156
06/30/16, 23.61, 23.9425, 23.575, 23.90, 143345436
06/29/16, 23.4925, 23.6375, 23.4075, 23.60, 146124032
06/28/16, 23.225, 23.415, 23.035, 23.3975, 161779640
06/27/16, 23.25, 23.2625, 22.875, 23.01, 186488764
06/24/16, 23.2275, 23.6638, 23.1625, 23.35, 301245436
06/23/16, 23.985, 24.0725, 23.8125, 24.025, 128960756
06/22/16, 24.0625, 24.2225, 23.8375, 23.8875, 116876476
06/21/16, 23.735, 24.0875, 23.669, 23.9775, 142185436
06/20/16, 24.00, 24.1425, 23.7575, 23.775, 137647592
06/17/16, 24.155, 24.1625, 23.825, 23.8325, 244032876
06/16/16, 24.1125, 24.4375, 24.0175, 24.3875, 125307280
06/15/16, 24.455, 24.6025, 24.2575, 24.285, 117780920
06/14/16, 24.33, 24.6188, 24.1875, 24.365, 127727756
06/13/16, 24.6725, 24.78, 24.275, 24.335, 152081952
06/10/16, 24.6325, 24.8364, 24.62, 24.7075, 126851756
06/09/16, 24.625, 24.9975, 24.615, 24.9125, 106405400
06/08/16, 24.755, 24.89, 24.67, 24.735, 83392524
06/07/16, 24.8125, 24.9675, 24.74, 24.7575, 89637796
06/06/16, 24.4975, 25.4725, 24.3875, 24.6575, 93170000
06/03/16, 24.4475, 24.5675, 24.3625, 24.48, 114019564
06/02/16, 24.40, 24.46, 24.1575, 24.43, 160766408
06/01/16, 24.755, 24.885, 24.5825, 24.615, 116693156
05/31/16, 24.90, 25.10, 24.705, 24.965, 169228828
05/27/16, 24.86, 25.1175, 24.8113, 25.0875, 145364952
05/26/16, 24.92, 25.1825, 24.66, 25.1025, 225324640
05/25/16, 24.6675, 24.935, 24.5275, 24.905, 154568452
05/24/16, 24.305, 24.5225, 24.21, 24.475, 140560672
05/23/16, 23.9675, 24.2975, 23.9175, 24.1075, 152074564
05/20/16, 23.66, 23.8575, 23.63, 23.805, 128103884
05/19/16, 23.66, 23.66, 23.3925, 23.55, 121768400
05/18/16, 23.54, 23.8025, 23.4725, 23.64, 168249564
05/17/16, 23.6375, 23.675, 23.2525, 23.3725, 187667764
05/16/16, 23.0975, 23.5975, 22.9125, 23.47, 245039048
05/13/16, 22.50, 22.9175, 22.50, 22.63, 177571080
05/12/16, 23.18, 23.195, 22.3675, 22.585, 305258752
05/11/16, 23.37, 23.3925, 23.115, 23.1275, 114876436
05/10/16, 23.3325, 23.3925, 23.0275, 23.355, 134747360
05/09/16, 23.25, 23.4425, 23.1475, 23.1975, 131745764
05/06/16, 23.3425, 23.3625, 22.9625, 23.18, 174799548
05/05/16, 23.50, 23.5175, 23.17, 23.31, 143562000
05/04/16, 23.80, 23.975, 23.455, 23.5475, 164101920
05/03/16, 23.55, 23.935, 23.42, 23.795, 227325124
05/02/16, 23.4913, 23.52, 23.10, 23.41, 192640408
04/29/16, 23.4975, 23.68, 23.1275, 23.435, 274125908
04/28/16, 24.4025, 24.47, 23.5625, 23.7075, 328970752
04/27/16, 24.00, 24.6775, 23.92, 24.455, 458408376
04/26/16, 25.9775, 26.325, 25.9775, 26.0875, 224064672
04/25/16, 26.25, 26.4125, 26.1275, 26.27, 112126360
04/22/16, 26.2525, 26.62, 26.155, 26.42, 134732484
04/21/16, 26.7325, 26.7325, 26.38, 26.4925, 126210116
04/20/16, 26.66, 27.0225, 26.515, 26.7825, 122444116
04/19/16, 26.97, 27.00, 26.5575, 26.7275, 129539524
04/18/16, 27.2225, 27.2375, 26.735, 26.87, 243285844
04/15/16, 28.0275, 28.075, 27.4325, 27.4625, 187755876
04/14/16, 27.905, 28.0975, 27.8325, 28.025, 101895680
04/13/16, 27.70, 28.085, 27.70, 28.01, 133029280
04/12/16, 27.335, 27.625, 27.165, 27.61, 108929320
04/11/16, 27.2425, 27.6525, 27.2075, 27.255, 117630080
04/08/16, 27.2275, 27.4425, 27.0425, 27.165, 94326960
04/07/16, 27.4875, 27.605, 27.0303, 27.135, 127207476
04/06/16, 27.5575, 27.745, 27.30, 27.74, 105616320
04/05/16, 27.3775, 27.6825, 27.355, 27.4525, 106314600
04/04/16, 27.605, 28.0475, 27.5675, 27.78, 149424796
04/01/16, 27.195, 27.50, 27.05, 27.4975, 103495796
03/31/16, 27.43, 27.475, 27.22, 27.2475, 103553796
03/30/16, 27.1625, 27.605, 27.15, 27.39, 182404608
03/29/16, 26.2225, 26.9475, 26.22, 26.92, 124760320
03/28/16, 26.50, 26.5475, 26.265, 26.2975, 77645476
03/24/16, 26.3675, 26.5625, 26.2225, 26.4175, 104531844
03/23/16, 26.62, 26.7675, 26.475, 26.5325, 102814000
03/22/16, 26.3125, 26.8225, 26.3025, 26.68, 129777524
03/21/16, 26.4825, 26.9125, 26.285, 26.4775, 142010720
03/18/16, 26.585, 26.625, 26.2975, 26.48, 176820672
03/17/16, 26.38, 26.6175, 26.24, 26.45, 137682844
03/16/16, 26.1525, 26.5775, 26.1475, 26.4925, 153213952
03/15/16, 25.99, 26.295, 25.9625, 26.145, 160270908
03/14/16, 25.4775, 25.7275, 25.445, 25.63, 100304244
03/11/16, 25.56, 25.57, 25.375, 25.565, 109632960
03/10/16, 25.3525, 25.56, 25.0375, 25.2925, 134054312
03/09/16, 25.3275, 25.395, 25.0675, 25.28, 108806720
03/08/16, 25.195, 25.44, 25.10, 25.2575, 126247564
03/07/16, 25.5975, 25.7075, 25.24, 25.4675, 143663236
03/04/16, 25.5925, 25.9375, 25.3425, 25.7525, 184220408
03/03/16, 25.145, 25.4275, 25.1125, 25.375, 147822952
03/02/16, 25.1275, 25.2225, 24.91, 25.1875, 132678236
03/01/16, 24.4125, 25.1925, 24.355, 25.1325, 201628608
02/29/16, 24.215, 24.5575, 24.1625, 24.1725, 140865124
02/26/16, 24.30, 24.5059, 24.145, 24.2275, 115964524
02/25/16, 24.0125, 24.19, 23.8125, 24.19, 110330640
02/24/16, 23.495, 24.095, 23.33, 24.025, 145023016
02/23/16, 24.10, 24.125, 23.6375, 23.6725, 127770524
02/22/16, 24.0775, 24.225, 23.98, 24.22, 137123048
02/19/16, 24.00, 24.19, 23.95, 24.01, 141496672
02/18/16, 24.71, 24.7225, 24.0227, 24.065, 156083920
02/17/16, 24.1675, 24.5525, 24.0375, 24.53, 179452952
02/16/16, 23.755, 24.2125, 23.6525, 24.16, 196231688
02/12/16, 23.5475, 23.625, 23.2525, 23.4975, 161405516
02/11/16, 23.4475, 23.68, 23.1475, 23.425, 200298844
02/10/16, 23.98, 24.0875, 23.525, 23.5675, 169374408
02/09/16, 23.5725, 23.985, 23.4825, 23.7475, 177324796
02/08/16, 23.2825, 23.925, 23.26, 23.7525, 216085516
02/05/16, 24.13, 24.23, 23.4225, 23.505, 185672236
02/04/16, 23.965, 24.3325, 23.7975, 24.15, 185886592
02/03/16, 23.75, 24.21, 23.52, 24.0875, 183857156
02/02/16, 23.855, 24.01, 23.57, 23.62, 149428876
02/01/16, 24.1175, 24.1775, 23.85, 24.1075, 163774156
01/29/16, 23.6975, 24.335, 23.5875, 24.335, 257666000
01/28/16, 23.4475, 23.63, 23.0975, 23.5225, 222715328
01/27/16, 24.01, 24.1572, 23.335, 23.355, 533478812
01/26/16, 24.9825, 25.22, 24.5175, 24.9975, 300308000
01/25/16, 25.38, 25.3825, 24.8025, 24.86, 207178108
01/22/16, 24.6575, 25.365, 24.5925, 25.355, 263201876
01/21/16, 24.265, 24.47, 23.735, 24.075, 208645844
01/20/16, 23.775, 24.5474, 23.355, 24.1975, 289337656
01/19/16, 24.6025, 24.6625, 23.875, 24.165, 212351016
01/15/16, 24.05, 24.4275, 23.84, 24.2825, 319335564
01/14/16, 24.49, 25.12, 23.935, 24.88, 252680516
01/13/16, 25.08, 25.2975, 24.325, 24.3475, 249758532
01/12/16, 25.1375, 25.1725, 24.71, 24.99, 196616920
01/11/16, 24.7425, 24.765, 24.335, 24.6325, 198957516
01/08/16, 24.6375, 24.7775, 24.19, 24.24, 283192064
01/07/16, 24.67, 25.0325, 24.1075, 24.1125, 324377720
01/06/16, 25.14, 25.5925, 24.9675, 25.175, 273829564
01/05/16, 26.4375, 26.4625, 25.6025, 25.6775, 223163968
01/04/16, 25.6525, 26.342, 25.50, 26.3375, 270597564
12/31/15, 26.7525, 26.7575, 26.205, 26.315, 163649280
12/30/15, 27.145, 27.175, 26.795, 26.83, 100855116
12/29/15, 26.74, 27.3575, 26.715, 27.185, 123724960
12/28/15, 26.8975, 26.9225, 26.5452, 26.705, 106816844
12/24/15, 27.25, 27.25, 26.9875, 27.0075, 54386720
12/23/15, 26.8175, 27.2125, 26.80, 27.1525, 130629400
12/22/15, 26.85, 26.93, 26.6128, 26.8075, 131157484
12/21/15, 26.82, 26.8425, 26.3925, 26.8325, 190362436
12/18/15, 27.2275, 27.38, 26.4525, 26.5075, 385813312
12/17/15, 28.005, 28.0625, 27.245, 27.245, 179091328
12/16/15, 27.7675, 27.9975, 27.20, 27.835, 224953892
12/15/15, 27.985, 28.20, 27.5875, 27.6225, 213292452
12/14/15, 28.045, 28.17, 27.4475, 28.12, 260014436
12/11/15, 28.7975, 28.8475, 28.2128, 28.295, 187544640
12/10/15, 29.01, 29.235, 28.8775, 29.0425, 116850920
12/09/15, 29.41, 29.4225, 28.77, 28.905, 185445436
12/08/15, 29.38, 29.65, 29.215, 29.5575, 137237796
12/07/15, 29.745, 29.965, 29.4525, 29.57, 128337000
12/04/15, 28.8225, 29.8125, 28.7775, 29.7575, 231107920
12/03/15, 29.1375, 29.1975, 28.555, 28.80, 166278048
12/02/15, 29.2625, 29.5275, 29.02, 29.07, 133546236
12/01/15, 29.6875, 29.7025, 29.215, 29.335, 139409468
11/30/15, 29.4975, 29.8525, 29.4375, 29.575, 156721280
11/27/15, 29.5725, 29.6025, 29.40, 29.4525, 52185800
11/25/15, 29.8025, 29.8075, 29.48, 29.5075, 85553244
11/24/15, 29.3325, 29.8375, 29.28, 29.72, 171212672
11/23/15, 29.8175, 29.9325, 29.335, 29.4375, 129930116
11/20/15, 29.80, 29.98, 29.7125, 29.825, 137148408
11/19/15, 29.41, 29.9375, 29.19, 29.695, 173183280
11/18/15, 28.94, 29.3725, 28.875, 29.3225, 186698796
11/17/15, 28.73, 28.7625, 28.33, 28.4225, 110467756
11/16/15, 27.845, 28.56, 27.75, 28.5438, 152426796
11/13/15, 28.80, 28.8925, 28.0675, 28.085, 183249592
11/12/15, 29.065, 29.205, 28.9125, 28.93, 130102320
11/11/15, 29.0925, 29.355, 28.8025, 29.0275, 180871876
11/10/15, 29.225, 29.5175, 29.0153, 29.1925, 236511720
11/09/15, 30.24, 30.4525, 30.0125, 30.1425, 135485624
11/06/15, 30.2775, 30.4525, 30.155, 30.265, 132169124
11/05/15, 30.4625, 30.6725, 30.045, 30.23, 158210720
11/04/15, 30.7825, 30.955, 30.405, 30.50, 179544188
11/03/15, 30.1975, 30.8725, 30.175, 30.6425, 182075920
11/02/15, 29.9675, 30.34, 29.9025, 30.295, 128813080
10/30/15, 30.2475, 30.305, 29.8625, 29.875, 197460984
10/29/15, 29.675, 30.1725, 29.5675, 30.1325, 204909312
10/28/15, 29.2325, 29.825, 29.015, 29.8175, 342205408
10/27/15, 28.85, 29.135, 28.4975, 28.6375, 279537592
10/26/15, 29.52, 29.5325, 28.73, 28.82, 265335124
10/23/15, 29.175, 29.807, 29.0825, 29.77, 237467640
10/22/15, 28.5825, 28.875, 28.525, 28.875, 166616360
10/21/15, 28.50, 28.895, 28.425, 28.44, 169307876
10/20/15, 27.835, 28.5425, 27.705, 28.4425, 195871048
10/19/15, 27.70, 27.9375, 27.5275, 27.9325, 119036600
10/16/15, 27.945, 28.00, 27.6325, 27.76, 156930436
10/15/15, 27.7325, 28.025, 27.6225, 27.965, 150693796
10/14/15, 27.8225, 27.88, 27.39, 27.5525, 177849796
10/13/15, 27.705, 28.1125, 27.67, 27.9475, 132197048
10/12/15, 28.1825, 28.1875, 27.86, 27.90, 121868796
10/09/15, 27.50, 28.07, 27.3725, 28.03, 211064564
10/08/15, 27.5475, 27.5475, 27.0525, 27.375, 247918312
10/07/15, 27.935, 27.9425, 27.3525, 27.695, 187062204
10/06/15, 27.6575, 27.935, 27.4413, 27.8275, 195427920
10/05/15, 27.47, 27.8425, 27.2675, 27.695, 208258952
10/02/15, 27.0025, 27.7534, 26.8875, 27.595, 232079048
10/01/15, 27.2675, 27.405, 26.8275, 27.395, 255716408
09/30/15, 27.5425, 27.885, 27.1825, 27.575, 265892124
09/29/15, 28.2075, 28.3775, 26.965, 27.265, 293461500
09/28/15, 28.4625, 28.6425, 28.11, 28.11, 208436032
09/25/15, 29.11, 29.1725, 28.505, 28.6775, 224607720
09/24/15, 28.3125, 28.875, 28.0925, 28.75, 200877920
09/23/15, 28.4075, 28.68, 28.325, 28.58, 143026876
09/22/15, 28.345, 28.545, 28.13, 28.35, 201384640
09/21/15, 28.4175, 28.8425, 28.415, 28.8025, 200887876
09/18/15, 28.0525, 28.575, 27.9675, 28.3625, 297141156
09/17/15, 28.915, 29.1225, 28.4288, 28.48, 256450564
09/16/15, 29.0625, 29.135, 28.86, 29.1025, 148693952
09/15/15, 28.9825, 29.1325, 28.605, 29.07, 173364640
09/14/15, 29.145, 29.2225, 28.715, 28.8275, 233453736
09/11/15, 27.9475, 28.5525, 27.94, 28.5525, 199661892
09/10/15, 27.5675, 28.3206, 27.475, 28.1425, 251571328
09/09/15, 28.44, 28.505, 27.4425, 27.5375, 340043188
09/08/15, 27.9125, 28.14, 27.58, 28.0775, 219374532
09/04/15, 27.2425, 27.6125, 27.1275, 27.3175, 199985248
09/03/15, 28.1225, 28.195, 27.51, 27.5925, 212935764
09/02/15, 27.5575, 28.085, 27.2828, 28.085, 247555236
09/01/15, 27.5375, 27.97, 26.84, 26.93, 307383436
08/31/15, 28.0075, 28.6325, 28.00, 28.19, 224917092
08/28/15, 28.0425, 28.3275, 27.885, 28.3225, 212657624
08/27/15, 28.0575, 28.31, 27.505, 28.23, 338464248
08/26/15, 26.7713, 27.4725, 26.2625, 27.4225, 387098436
08/25/15, 27.7775, 27.7775, 25.875, 25.935, 414406408
08/24/15, 23.7175, 27.20, 23.00, 25.78, 648825188
08/21/15, 27.6075, 27.975, 26.4113, 26.44, 513102032
08/20/15, 28.52, 28.5875, 27.9075, 28.1625, 274006468
08/19/15, 29.025, 29.13, 28.67, 28.7525, 193146048
08/18/15, 29.1075, 29.36, 29.0025, 29.125, 138242844
08/17/15, 29.01, 29.4125, 28.875, 29.29, 163539016
08/14/15, 28.58, 29.0775, 28.5025, 28.99, 171718080
08/13/15, 29.01, 29.10, 28.635, 28.7875, 194143172
08/12/15, 28.1325, 28.855, 27.4075, 28.81, 406742408
08/11/15, 29.4525, 29.545, 28.3325, 28.3725, 388331220
08/10/15, 29.1325, 29.9975, 29.1325, 29.93, 219806408
08/07/15, 28.645, 29.0625, 28.625, 28.88, 154681624
08/06/15, 28.9925, 29.125, 28.5288, 28.7825, 211612156
08/05/15, 28.2375, 29.36, 28.025, 28.85, 397250436
08/04/15, 29.355, 29.425, 28.3125, 28.66, 496554408
08/03/15, 30.375, 30.6425, 29.38, 29.61, 279903876
07/31/15, 30.65, 30.6606, 30.2275, 30.325, 171539812
07/30/15, 30.58, 30.6425, 30.4275, 30.5925, 134513092
07/29/15, 30.7875, 30.875, 30.5675, 30.7475, 148046592
07/28/15, 30.845, 30.9775, 30.6375, 30.845, 134472408
07/27/15, 30.7725, 30.9025, 30.53, 30.6925, 177822156
07/24/15, 31.33, 31.435, 30.975, 31.125, 168649312
07/23/15, 31.55, 31.7725, 31.265, 31.29, 203997796
07/22/15, 30.4975, 31.375, 30.4975, 31.305, 461802408
07/21/15, 33.2125, 33.23, 32.58, 32.6875, 307025720
07/20/15, 32.7425, 33.2425, 32.675, 33.0175, 235600796
07/17/15, 32.27, 32.405, 32.0775, 32.405, 184658844
07/16/15, 31.935, 32.1425, 31.8375, 32.1275, 144889796
07/15/15, 31.43, 31.7875, 31.395, 31.705, 134596796
07/14/15, 31.51, 31.5925, 31.26, 31.4025, 127072564
07/13/15, 31.2575, 31.4388, 31.08, 31.415, 165762156
07/10/15, 30.485, 30.9625, 30.3025, 30.82, 245417892
07/09/15, 30.9625, 31.015, 29.805, 30.0175, 314380156
07/08/15, 31.12, 31.16, 30.635, 30.6425, 243046436
07/07/15, 31.4725, 31.5375, 30.9425, 31.4225, 187787236
07/06/15, 31.235, 31.5575, 31.2125, 31.50, 112241720
07/02/15, 31.6075, 31.6725, 31.4425, 31.61, 108843796
07/01/15, 31.725, 31.735, 31.4975, 31.65, 120955244
06/30/15, 31.3925, 31.53, 31.215, 31.3563, 177482720
06/29/15, 31.365, 31.6175, 31.12, 31.1325, 196645736
06/26/15, 31.9175, 31.9975, 31.6275, 31.6875, 176267360
06/25/15, 32.215, 32.30, 31.875, 31.875, 127752400
06/24/15, 31.8025, 32.45, 31.78, 32.0275, 221123436
06/23/15, 31.87, 31.9025, 31.7198, 31.7575, 121075436
06/22/15, 31.8725, 32.015, 31.77, 31.9025, 136157408
06/19/15, 31.9275, 31.955, 31.60, 31.65, 218867548
06/18/15, 31.8075, 32.0775, 31.805, 31.97, 141628876
06/17/15, 31.93, 31.97, 31.685, 31.825, 131672280
06/16/15, 31.7575, 31.9625, 31.5925, 31.90, 125976524
06/15/15, 31.525, 31.81, 31.4275, 31.73, 175955812
06/12/15, 32.0463, 32.0825, 31.7775, 31.7925, 147544984
06/11/15, 32.295, 32.545, 32.1188, 32.1475, 141563548
06/10/15, 31.98, 32.335, 31.9625, 32.22, 156348984
06/09/15, 31.675, 32.02, 31.405, 31.855, 224301688
06/08/15, 32.225, 32.3025, 31.7075, 31.95, 210699172
06/05/15, 32.375, 32.4225, 32.09, 32.1625, 142507204
06/04/15, 32.395, 32.645, 32.2275, 32.34, 153800484
06/03/15, 32.665, 32.735, 32.475, 32.53, 123934156
06/02/15, 32.465, 32.6638, 32.33, 32.49, 134670532
06/01/15, 32.80, 32.8475, 32.5125, 32.6338, 128451204
05/29/15, 32.8075, 32.8625, 32.475, 32.57, 203537796
05/28/15, 32.965, 32.9875, 32.775, 32.945, 122933244
05/27/15, 32.585, 33.065, 32.5125, 33.0112, 183332984
05/26/15, 33.15, 33.2275, 32.28, 32.405, 282790248
05/22/15, 32.90, 33.2425, 32.85, 33.135, 182383876
05/21/15, 32.5175, 32.9075, 32.4575, 32.8475, 158921436
05/20/15, 32.50, 32.745, 32.335, 32.515, 145819720
05/19/15, 32.6725, 32.72, 32.41, 32.5175, 178532952
05/18/15, 32.095, 32.68, 32.09, 32.5475, 203531688
05/15/15, 32.2675, 32.3725, 32.0525, 32.1925, 152832124
05/14/15, 31.8525, 32.2375, 31.79, 32.2375, 180813844
05/13/15, 31.5375, 31.7975, 31.4675, 31.5025, 138776952
05/12/15, 31.40, 31.72, 31.205, 31.4663, 192640124
05/11/15, 31.8475, 31.89, 31.4063, 31.58, 168143048
05/08/15, 31.67, 31.905, 31.5275, 31.905, 222201516
05/07/15, 31.1925, 31.52, 31.005, 31.315, 175763592
05/06/15, 31.64, 31.6875, 30.84, 31.2525, 288564032
05/05/15, 32.0375, 32.1125, 31.445, 31.45, 197085688
05/04/15, 32.375, 32.6425, 32.065, 32.175, 203953124
05/01/15, 31.525, 32.5325, 31.325, 32.2375, 234050564
04/30/15, 31.875, 31.97, 31.145, 31.2875, 332781688
04/29/15, 32.54, 32.8975, 32.075, 32.16, 253544312
04/28/15, 33.6138, 33.635, 32.3925, 32.64, 475696000
04/27/15, 33.0775, 33.2825, 32.7875, 33.1625, 387816844
04/24/15, 32.6225, 32.6575, 32.3075, 32.57, 178103640
04/23/15, 32.075, 32.605, 32.035, 32.4175, 183083592
04/22/15, 31.7475, 32.2175, 31.58, 32.155, 150618048
04/21/15, 32.025, 32.05, 31.6675, 31.7275, 129740244
04/20/15, 31.3925, 32.03, 31.2925, 31.90, 188217248
04/17/15, 31.3875, 31.535, 31.115, 31.1875, 207828188
04/16/15, 31.57, 31.775, 31.5275, 31.5425, 113475960
04/15/15, 31.6025, 31.7825, 31.5025, 31.695, 115881680
04/14/15, 31.75, 31.8225, 31.4775, 31.575, 102098360
04/13/15, 32.0925, 32.1425, 31.6525, 31.7125, 145460484
04/10/15, 31.4875, 31.8025, 31.315, 31.775, 160751812
04/09/15, 31.4625, 31.645, 31.165, 31.64, 129935884
04/08/15, 31.4625, 31.60, 31.2425, 31.40, 149316952
04/07/15, 31.91, 32.0305, 31.495, 31.5025, 140049092
04/06/15, 31.1175, 31.8775, 31.0825, 31.8375, 148775920
04/02/15, 31.2575, 31.39, 31.0475, 31.33, 128880524
04/01/15, 31.205, 31.28, 30.775, 31.0625, 162485764
03/31/15, 31.5225, 31.6225, 31.0888, 31.1075, 168362204
03/30/15, 31.0125, 31.60, 31.00, 31.5925, 188398688
03/27/15, 31.1425, 31.175, 30.7275, 30.8125, 158184608
03/26/15, 30.69, 31.22, 30.65, 31.06, 190291484
03/25/15, 31.635, 31.705, 30.845, 30.845, 206620720
03/24/15, 31.8075, 32.01, 31.64, 31.6725, 131369204
03/23/15, 31.78, 31.9625, 31.63, 31.8025, 150838688
03/20/15, 32.0625, 32.10, 31.29, 31.475, 274780532
03/19/15, 32.1875, 32.3113, 31.85, 31.8738, 183237952
03/18/15, 31.75, 32.29, 31.5925, 32.1175, 261083812
03/17/15, 31.475, 31.83, 31.4125, 31.76, 204092408
03/16/15, 30.97, 31.2375, 30.7175, 31.2375, 143497204
03/13/15, 31.10, 31.3488, 30.645, 30.8975, 207309124
03/12/15, 30.5775, 31.225, 30.4075, 31.1125, 193450876
03/11/15, 31.1875, 31.1925, 30.5275, 30.56, 275755876
03/10/15, 31.6025, 31.805, 30.95, 31.1275, 275426312
03/09/15, 31.99, 32.3925, 31.265, 31.785, 354113936
03/06/15, 32.10, 32.3425, 31.565, 31.65, 291343844
03/05/15, 32.145, 32.1875, 31.44, 31.6025, 226068608
03/04/15, 32.275, 32.39, 32.08, 32.135, 126665360
03/03/15, 32.24, 32.38, 32.0225, 32.34, 151265124
03/02/15, 32.3125, 32.57, 32.075, 32.2725, 192386640
02/27/15, 32.50, 32.6425, 32.06, 32.115, 248059392
02/26/15, 32.1963, 32.7175, 31.6525, 32.6038, 365150124
02/25/15, 32.89, 32.90, 32.0375, 32.1975, 298847000
02/24/15, 33.235, 33.40, 32.7925, 33.0425, 276912500
02/23/15, 32.505, 33.25, 32.415, 33.25, 283896436
02/20/15, 32.155, 32.375, 32.0125, 32.3738, 195793688
02/19/15, 32.12, 32.2575, 32.0825, 32.1125, 149449516
02/18/15, 31.9063, 32.195, 31.8625, 32.1788, 179566952
02/17/15, 31.8725, 32.22, 31.73, 31.9575, 252609624
02/13/15, 31.82, 31.82, 31.4125, 31.77, 217088080
02/12/15, 31.515, 31.87, 31.3925, 31.615, 297897876
02/11/15, 30.6925, 31.23, 30.625, 31.22, 294247188
02/10/15, 30.0425, 30.5375, 30.04, 30.505, 248034048
02/09/15, 29.6375, 29.96, 29.6075, 29.93, 155559204
02/06/15, 30.005, 30.0625, 29.6125, 29.7325, 174826264
02/05/15, 30.005, 30.0575, 29.8125, 29.985, 168984984
02/04/15, 29.625, 30.1275, 29.5773, 29.89, 280598968
02/03/15, 29.625, 29.7725, 29.4025, 29.6625, 207663016
02/02/15, 29.5125, 29.7925, 29.02, 29.6575, 250956408
01/30/15, 29.60, 30.00, 29.2125, 29.29, 334981812
01/29/15, 29.08, 29.7975, 28.89, 29.725, 337745720
01/28/15, 29.4063, 29.53, 28.8275, 28.8275, 585908436
01/27/15, 28.105, 28.12, 27.2575, 27.285, 382275000
01/26/15, 28.435, 28.5907, 28.20, 28.275, 222459920
01/23/15, 28.075, 28.4375, 27.8825, 28.245, 185859328
01/22/15, 27.565, 28.1175, 27.43, 28.10, 215185624
01/21/15, 27.2375, 27.765, 27.0675, 27.3875, 194303592
01/20/15, 26.96, 27.2417, 26.625, 27.18, 199599640
01/16/15, 26.7575, 26.895, 26.30, 26.4975, 314053408
01/15/15, 27.50, 27.515, 26.665, 26.705, 240056000
01/14/15, 27.26, 27.6225, 27.125, 27.45, 195826376
01/13/15, 27.8575, 28.20, 27.2275, 27.555, 268367720
01/12/15, 28.15, 28.1575, 27.20, 27.3125, 198603172
01/09/15, 28.1675, 28.3125, 27.5525, 28.0025, 214798108
01/08/15, 27.3075, 28.0375, 27.175, 27.9725, 237458204
01/07/15, 26.80, 27.05, 26.6738, 26.9375, 160423720
01/06/15, 26.635, 26.8575, 26.1575, 26.565, 263188468
01/05/15, 27.0725, 27.1625, 26.3525, 26.5625, 257141952
01/02/15, 27.8475, 27.86, 26.8375, 27.3325, 212818532
12/31/14, 28.205, 28.2825, 27.5525, 27.595, 165613408
12/30/14, 28.41, 28.48, 28.0275, 28.13, 119525920
12/29/14, 28.4475, 28.6925, 28.425, 28.4775, 110395680
12/26/14, 28.025, 28.63, 28.0025, 28.4975, 134883812
12/24/14, 28.145, 28.1775, 28.0025, 28.0025, 57918440
12/23/14, 28.3075, 28.3325, 28.115, 28.135, 104113680
12/22/14, 28.04, 28.3725, 27.9925, 28.235, 180670204
12/19/14, 28.065, 28.31, 27.915, 27.945, 353719064
12/18/14, 27.9675, 28.1625, 27.665, 28.1625, 236024876
12/17/14, 26.78, 27.46, 26.705, 27.3525, 213647080
12/16/14, 26.5925, 27.54, 26.565, 26.6863, 243162908
12/15/14, 27.675, 27.90, 26.5875, 27.0563, 268872312
12/12/14, 27.615, 27.9675, 27.395, 27.4325, 224112564
12/11/14, 28.065, 28.45, 27.835, 27.905, 165886312
12/10/14, 28.6025, 28.7125, 27.885, 27.9875, 178261280
12/09/14, 27.5475, 28.575, 27.3375, 28.53, 240832156
12/08/14, 28.525, 28.662, 27.905, 28.10, 230659392
12/05/14, 28.9975, 29.02, 28.66, 28.75, 153275592
12/04/14, 28.9425, 29.30, 28.8225, 28.8725, 168623124
12/03/14, 28.9375, 29.0875, 28.7775, 28.9825, 172253764
12/02/14, 28.375, 28.9375, 28.1875, 28.6575, 237395764
12/01/14, 29.7025, 29.8125, 27.8175, 28.7675, 335256156
11/28/14, 29.8175, 29.85, 29.5125, 29.7325, 99257600
11/26/14, 29.485, 29.775, 29.4575, 29.75, 163327548
11/25/14, 29.7675, 29.9375, 29.3625, 29.40, 275361752
11/24/14, 29.2125, 29.6925, 29.155, 29.6563, 189803280
11/21/14, 29.3775, 29.3925, 29.0075, 29.1175, 228717204
11/20/14, 28.7275, 29.215, 28.7125, 29.0775, 173582156
11/19/14, 28.86, 28.935, 28.45, 28.6675, 167476640
11/18/14, 28.485, 28.9225, 28.4725, 28.8675, 176895920
11/17/14, 28.5675, 29.32, 28.325, 28.4975, 186986844
11/14/14, 28.2875, 28.5475, 28.2625, 28.545, 176254408
11/13/14, 27.95, 28.3625, 27.90, 28.205, 238091436
11/12/14, 27.345, 27.8575, 27.3425, 27.8125, 187769736
11/11/14, 27.175, 27.4375, 27.10, 27.425, 109769000
11/10/14, 27.255, 27.3325, 27.1675, 27.2075, 108782204
11/07/14, 27.1875, 27.33, 27.1375, 27.2525, 134766156
11/06/14, 27.15, 27.1975, 26.95, 27.175, 139873844
11/05/14, 27.275, 27.325, 27.0313, 27.215, 149743640
11/04/14, 27.34, 27.3725, 26.93, 27.15, 166297468
11/03/14, 27.055, 27.575, 27.0025, 27.35, 209130204
10/31/14, 27.0025, 27.01, 26.8025, 27.00, 178557156
10/30/14, 26.7398, 26.8375, 26.475, 26.745, 162619172
10/29/14, 26.6625, 26.8425, 26.59, 26.835, 210751516
10/28/14, 26.35, 26.685, 26.3375, 26.685, 192243812
10/27/14, 26.2125, 26.37, 26.175, 26.2775, 136750796
10/24/14, 26.295, 26.3725, 26.1325, 26.305, 188215688
10/23/14, 26.02, 26.2628, 25.9075, 26.2075, 284298688
10/22/14, 25.71, 26.0275, 25.65, 25.7475, 273052592
10/21/14, 25.755, 25.755, 25.3175, 25.6175, 378495624
10/20/14, 24.5788, 24.99, 24.555, 24.94, 310069124
10/17/14, 24.375, 24.75, 24.2025, 24.4175, 272718752
10/16/14, 23.8875, 24.43, 23.8525, 24.065, 288618092
10/15/14, 24.4925, 24.7875, 23.795, 24.385, 403732000
10/14/14, 25.0975, 25.13, 24.6425, 24.6875, 254754236
10/13/14, 25.3325, 25.445, 24.9525, 24.9525, 214333468
10/10/14, 25.1725, 25.5075, 25.075, 25.1825, 265326376
10/09/14, 25.385, 25.595, 25.1525, 25.255, 309506124
10/08/14, 24.69, 25.2775, 24.5775, 25.20, 229618688
10/07/14, 24.8575, 25.03, 24.6825, 24.6875, 168376720
10/06/14, 24.9875, 25.1625, 24.855, 24.905, 148204720
10/03/14, 24.86, 25.0525, 24.76, 24.905, 173878376
10/02/14, 24.8175, 25.055, 24.51, 24.975, 191031328
10/01/14, 25.1475, 25.1725, 24.675, 24.795, 205965156
09/30/14, 25.2025, 25.385, 25.1325, 25.1875, 221056564
09/29/14, 24.6625, 25.1088, 24.6575, 25.0275, 199065248
09/26/14, 24.6325, 25.1875, 24.60, 25.1875, 249482000
09/25/14, 25.1275, 25.1775, 24.43, 24.4675, 400368000
09/24/14, 25.54, 25.7125, 25.30, 25.4375, 240687328
09/23/14, 25.15, 25.735, 25.135, 25.66, 253608796
09/22/14, 25.45, 25.535, 25.145, 25.265, 211153736
09/19/14, 25.5725, 25.5875, 25.22, 25.24, 283609624
09/18/14, 25.4825, 25.5875, 25.39, 25.4475, 149197764
09/17/14, 25.3175, 25.45, 25.1481, 25.395, 243706000
09/16/14, 24.95, 25.315, 24.7225, 25.215, 267632500
09/15/14, 25.7025, 25.7625, 25.36, 25.4075, 245266080
09/12/14, 25.3025, 25.5475, 25.27, 25.415, 257425468
09/11/14, 25.1025, 25.36, 24.905, 25.3575, 249598952
09/10/14, 24.5025, 25.2775, 24.44, 25.25, 403478408
09/09/14, 24.77, 25.77, 24.035, 24.4975, 759385188
09/08/14, 24.825, 24.8275, 24.5125, 24.59, 185426952
09/05/14, 24.70, 24.8475, 24.5775, 24.7425, 233828156
09/04/14, 24.7125, 25.0225, 24.4475, 24.53, 342872908
09/03/14, 25.775, 25.80, 24.645, 24.735, 501681968
09/02/14, 25.765, 25.935, 25.68, 25.825, 214257048
08/29/14, 25.715, 25.725, 25.55, 25.625, 178380984
08/28/14, 25.3975, 25.695, 25.39, 25.5625, 273839188
08/27/14, 25.255, 25.6425, 25.175, 25.5325, 209476032
08/26/14, 25.355, 25.375, 25.215, 25.2223, 132607920
08/25/14, 25.4475, 25.5425, 25.32, 25.385, 161080672
08/22/14, 25.0725, 25.3675, 25.0475, 25.33, 176735328
08/21/14, 25.1425, 25.235, 25.0275, 25.145, 133912796
08/20/14, 25.11, 25.2725, 24.9875, 25.1425, 210796764
08/19/14, 24.8525, 25.17, 24.83, 25.1325, 277597092
08/18/14, 24.6225, 24.8425, 24.495, 24.79, 190289624
08/15/14, 24.475, 24.5475, 24.215, 24.495, 195805312
08/14/14, 24.3325, 24.3925, 24.20, 24.375, 112462280
08/13/14, 24.0375, 24.31, 24.01, 24.31, 127665756
08/12/14, 24.01, 24.22, 23.9025, 23.9925, 135181408
08/11/14, 23.8175, 24.02, 23.7089, 23.9975, 146339360
08/08/14, 23.565, 23.705, 23.32, 23.685, 167460764
08/07/14, 23.7325, 23.9875, 23.525, 23.62, 186844720
08/06/14, 23.6875, 23.87, 23.6775, 23.74, 154233360
08/05/14, 23.84, 23.92, 23.59, 23.78, 223730640
08/04/14, 24.0925, 24.145, 23.7925, 23.8975, 159832564
08/01/14, 23.725, 24.155, 23.7025, 24.0325, 194045156
07/31/14, 24.29, 24.3625, 23.8325, 23.90, 227370592
07/30/14, 24.61, 24.675, 24.4175, 24.5375, 132040000
07/29/14, 24.8325, 24.86, 24.5625, 24.595, 172572408
07/28/14, 24.455, 24.81, 24.3875, 24.755, 221270752
07/25/14, 24.2125, 24.46, 24.16, 24.4178, 173876484
07/24/14, 24.2588, 24.33, 24.105, 24.2575, 182915360
07/23/14, 23.855, 24.47, 23.7925, 24.2975, 371670876
07/22/14, 23.67, 23.7225, 23.53, 23.68, 220786408
07/21/14, 23.7475, 23.75, 23.43, 23.4847, 156316000
07/18/14, 23.405, 23.685, 23.255, 23.6075, 199950376
07/17/14, 23.7575, 23.8198, 23.1425, 23.2725, 229192952
07/16/14, 24.2425, 24.275, 23.685, 23.695, 214009688
07/15/14, 24.20, 24.2125, 23.7575, 23.83, 182784720
07/14/14, 23.965, 24.2225, 23.9125, 24.1125, 171240640
07/11/14, 23.84, 23.9725, 23.7156, 23.805, 136072920
07/10/14, 23.44, 23.8875, 23.38, 23.7588, 158742204
07/09/14, 23.86, 23.9875, 23.69, 23.8475, 145745764
07/08/14, 24.0675, 24.20, 23.48, 23.8375, 260886720
07/07/14, 23.535, 23.9975, 23.525, 23.992, 225871764
07/03/14, 23.4175, 23.525, 23.30, 23.5075, 91567000
07/02/14, 23.4663, 23.515, 23.2725, 23.37, 113860280
07/01/14, 23.38, 23.5175, 23.2825, 23.38, 152893920
06/30/14, 23.025, 23.4313, 23.0225, 23.2325, 198356124
06/27/14, 22.705, 23.00, 22.6925, 22.995, 256115204
06/26/14, 22.5925, 22.7625, 22.45, 22.725, 130517436
06/25/14, 22.5525, 22.675, 22.4125, 22.59, 147474156
06/24/14, 22.6875, 22.935, 22.5475, 22.57, 156144360
06/23/14, 22.83, 22.905, 22.65, 22.7075, 174777564
06/20/14, 22.9625, 23.1375, 22.725, 22.7275, 403592376
06/19/14, 23.0725, 23.075, 22.8347, 22.965, 142110752
06/18/14, 23.0675, 23.0725, 22.8375, 23.045, 134056436
06/17/14, 23.0775, 23.175, 22.95, 23.02, 118905400
06/16/14, 22.8775, 23.1875, 22.8625, 23.05, 142245092
06/13/14, 23.05, 23.11, 22.72, 22.82, 218101124
06/12/14, 23.51, 23.53, 22.975, 23.0725, 218995172
06/11/14, 23.5325, 23.69, 23.3675, 23.465, 182724452
06/10/14, 23.6825, 23.7625, 23.3925, 23.5625, 251108156
06/09/14, 23.175, 23.47, 22.9375, 23.425, 301659188
06/06/14, 23.2107, 23.2593, 23.0168, 23.0561, 350483544.929208
06/05/14, 23.0786, 23.1918, 22.9504, 23.1196, 303804466.936408
06/04/14, 22.7657, 23.1389, 22.7182, 23.0293, 335481985.574275
06/03/14, 22.445, 22.8121, 22.4375, 22.7693, 292926467.404162
06/02/14, 22.6414, 22.6725, 22.2321, 22.4518, 369351624.11788
05/30/14, 22.785, 23.0061, 22.4607, 22.6071, 564020495.747119
05/29/14, 22.4232, 22.7454, 22.4204, 22.6921, 376474515.811596
05/28/14, 22.3579, 22.4939, 22.2779, 22.2861, 315687694.425429
05/27/14, 21.9957, 22.3521, 21.9868, 22.3439, 348866572.998737
05/23/14, 21.6875, 21.9546, 21.6596, 21.9332, 232209954.014972
05/22/14, 21.6643, 21.7804, 21.575, 21.6882, 200875771.362342
05/21/14, 21.5654, 21.6679, 21.5021, 21.6539, 196999647.529015
05/20/14, 21.5896, 21.6571, 21.4546, 21.5968, 234835933.902055
05/19/14, 21.3518, 21.6904, 21.3332, 21.5925, 317756026.336491
05/16/14, 21.0225, 21.3404, 20.9071, 21.3396, 276367324.116205
05/15/14, 21.2393, 21.3071, 21.0014, 21.0293, 230846914.073583
05/14/14, 21.1582, 21.3357, 21.1336, 21.2096, 166403376.844655
05/13/14, 21.1429, 21.2336, 21.0964, 21.2057, 159738369.13125
05/12/14, 20.9818, 21.2021, 20.9786, 21.1725, 213298698.828156
05/09/14, 20.8764, 20.9375, 20.7261, 20.9122, 291597867.461292
05/08/14, 21.0089, 21.2289, 20.9429, 20.9996, 230297442.09721
05/07/14, 21.2589, 21.3318, 20.9904, 21.1546, 282863827.836855
05/06/14, 21.4929, 21.5861, 21.2289, 21.2289, 374565503.893683
05/05/14, 21.0764, 21.4643, 21.0714, 21.4629, 287066907.656123
05/02/14, 21.155, 21.2214, 21.0611, 21.1636, 191514251.764887
05/01/14, 21.1429, 21.2429, 20.9414, 21.1243, 244209661.498985
04/30/14, 21.1657, 21.4082, 21.0643, 21.0746, 456883540.354008
04/29/14, 21.205, 21.285, 21.0539, 21.1546, 337378733.492714
04/28/14, 20.4571, 21.2768, 20.4482, 21.2175, 669486747.21207
04/25/14, 20.1618, 20.4282, 20.1414, 20.4264, 390275155.218168
04/24/14, 20.2932, 20.3571, 20.0261, 20.2775, 759912407.323766
04/23/14, 18.895, 18.9689, 18.7304, 18.7411, 394941075.017534
04/22/14, 18.8682, 18.9938, 18.8036, 18.9893, 202657803.285714
04/21/14, 18.7621, 19.005, 18.7129, 18.9704, 182675716.144944
04/17/14, 18.5714, 18.8486, 18.5429, 18.7479, 284426787.769648
04/16/14, 18.5018, 18.6104, 18.362, 18.5361, 214931966.757925
04/15/14, 18.5811, 18.63, 18.2618, 18.4986, 266490296.540917
04/14/14, 18.6393, 18.6486, 18.4718, 18.6314, 205780699.15143
04/11/14, 18.5357, 18.6725, 18.4693, 18.5575, 271900036.308298
04/10/14, 18.9529, 19.0086, 18.6846, 18.6957, 239651261.694996
04/09/14, 18.6657, 18.9461, 18.6436, 18.94, 206170879.134652
04/08/14, 18.7568, 18.79, 18.525, 18.6943, 243887521.512837
04/07/14, 18.8579, 18.9607, 18.6389, 18.6954, 289850107.536445
04/04/14, 19.2789, 19.2857, 18.9493, 18.9936, 275249928.164253
04/03/14, 19.3354, 19.375, 19.2014, 19.2425, 162592437.008525
04/02/14, 19.3707, 19.41, 19.295, 19.3768, 180419476.241963
04/01/14, 19.2057, 19.3525, 19.1704, 19.3446, 200758731.367375
03/31/14, 19.2582, 19.3146, 19.1404, 19.1693, 168668744.747244
03/28/14, 19.2257, 19.2479, 19.0804, 19.1736, 200564243.375738
03/27/14, 19.2863, 19.3393, 19.1114, 19.195, 222030694.45268
03/26/14, 19.5186, 19.6071, 19.245, 19.2779, 299768827.10994
03/25/14, 19.3393, 19.4911, 19.2711, 19.4639, 282293467.861381
03/24/14, 19.2293, 19.3036, 19.1093, 19.2568, 355699384.704926
03/21/14, 18.9975, 19.0625, 18.7975, 19.0311, 374448743.898704
03/20/14, 18.9246, 19.0239, 18.8339, 18.8821, 208398139.03888
03/19/14, 19.0093, 19.1514, 18.8929, 18.9736, 224755822.3355
03/18/14, 18.7821, 18.9989, 18.7571, 18.9786, 209647442.98516
03/17/14, 18.8464, 18.9275, 18.7804, 18.8121, 199544287.419596
03/14/14, 18.8854, 18.9604, 18.6786, 18.7389, 237197957.800488
03/13/14, 19.1943, 19.2736, 18.8986, 18.9518, 257742424.917076
03/12/14, 19.0896, 19.1911, 19.00, 19.1646, 200781803.366382
03/11/14, 19.1232, 19.2407, 19.0211, 19.1461, 280795467.925795
03/10/14, 18.87, 19.0475, 18.8693, 18.9614, 178765712.313074
03/07/14, 18.9675, 18.9993, 18.7875, 18.9443, 221660954.468579
03/06/14, 19.0282, 19.0871, 18.8607, 18.9554, 185692436.015225
03/05/14, 18.9614, 19.0982, 18.8975, 19.0129, 200262067.388731
03/04/14, 18.9643, 19.0229, 18.8489, 18.9729, 259539324.839809
03/03/14, 18.6936, 18.9518, 18.6718, 18.8486, 239137965.717067
02/28/14, 18.8957, 19.0268, 18.6471, 18.7943, 372298623.991159
02/27/14, 18.4693, 18.885, 18.4304, 18.8454, 302229187.004145
02/26/14, 18.7004, 18.75, 18.4143, 18.4768, 276525132.109419
02/25/14, 18.9064, 18.913, 18.6071, 18.645, 232989389.981456
02/24/14, 18.6839, 18.9257, 18.6579, 18.8411, 289459787.553229
02/21/14, 19.0283, 19.0918, 18.7357, 18.7589, 279028948.001755
02/20/14, 19.0354, 19.1786, 18.8929, 18.9696, 306116426.836994
02/19/14, 19.4554, 19.5318, 19.0839, 19.1918, 314217666.48864
02/18/14, 19.50, 19.6854, 19.4861, 19.4996, 261224980.767326
02/14/14, 19.3739, 19.4993, 19.3289, 19.4282, 273872132.223498
02/13/14, 19.095, 19.4589, 19.0786, 19.4439, 307840666.762851
02/12/14, 19.1768, 19.27, 19.0443, 19.14, 308508186.734148
02/11/14, 18.9504, 19.2054, 18.9107, 19.1414, 282689107.844368
02/10/14, 18.5236, 18.9996, 18.50, 18.8925, 345804185.13042
02/07/14, 18.6207, 18.6761, 18.4779, 18.56, 374554303.894165
02/06/14, 18.2164, 18.3393, 18.1361, 18.3039, 257988880.906478
02/05/14, 18.0914, 18.4029, 18.0804, 18.3068, 329288665.840587
02/04/14, 18.0661, 18.195, 17.9557, 18.1711, 377094183.78495
02/03/14, 17.9504, 18.1332, 17.8321, 17.9118, 402483154.693224
01/31/14, 17.685, 17.9118, 17.6268, 17.8786, 465345699.990135
01/30/14, 17.9479, 18.0893, 17.7393, 17.8494, 679051210.800798
01/29/14, 17.9982, 18.1204, 17.8079, 17.8839, 503771218.337838
01/28/14, 18.17, 18.3929, 17.9311, 18.0893, 1067334138.10463
01/27/14, 19.6454, 19.8143, 19.4911, 19.6607, 576876695.194302
01/24/14, 19.7857, 19.8436, 19.4554, 19.5025, 433537701.357879
01/23/14, 19.6407, 19.875, 19.4574, 19.8636, 403913422.631723
01/22/14, 19.6755, 19.9032, 19.5646, 19.6968, 380877235.622279
01/21/14, 19.3211, 19.6454, 19.3007, 19.6096, 329022105.85205
01/17/14, 19.6957, 19.7168, 19.2821, 19.3096, 433706821.350607
01/16/14, 19.8179, 19.8875, 19.7029, 19.7946, 229885310.114932
01/15/14, 19.7686, 20.0071, 19.7021, 19.9057, 393890515.062708
01/14/14, 19.2221, 19.5261, 19.2021, 19.5139, 334937385.597692
01/13/14, 18.9254, 19.375, 18.9243, 19.1332, 379443383.683934
01/10/14, 19.2796, 19.3143, 18.9682, 19.0336, 305282586.872849
01/09/14, 19.5286, 19.5307, 19.1196, 19.1614, 279620755.976308
01/08/14, 19.2432, 19.4843, 19.2389, 19.4093, 258746728.873891
01/07/14, 19.44, 19.4986, 19.2116, 19.2871, 317731106.337562
01/06/14, 19.1946, 19.5286, 19.0571, 19.4261, 413436502.22223
01/03/14, 19.745, 19.775, 19.3011, 19.3207, 393215463.091735
01/02/14, 19.8457, 19.8939, 19.715, 19.7546, 235167817.887784
12/31/13, 19.7918, 20.0457, 19.7857, 20.0364, 223277478.399068
12/30/13, 19.9093, 20.0032, 19.7258, 19.8043, 253630877.093872
12/27/13, 20.1364, 20.1575, 19.9821, 20.0032, 225885258.286934
12/26/13, 20.2893, 20.3393, 20.1206, 20.1393, 204008131.22765
12/24/13, 20.3532, 20.4243, 20.2154, 20.2739, 167554932.795138
12/23/13, 20.2857, 20.3829, 20.0986, 20.3604, 501307218.44379
12/20/13, 19.4796, 19.7004, 19.4578, 19.6079, 436413861.234204
12/19/13, 19.625, 19.6429, 19.4189, 19.445, 320957546.198826
12/18/13, 19.6321, 19.6946, 19.2429, 19.6704, 565863175.667884
12/17/13, 19.8504, 19.98, 19.7634, 19.8211, 229902586.114189
12/16/13, 19.8221, 20.0942, 19.8218, 19.9107, 282593907.848462
12/13/13, 20.1018, 20.1029, 19.7739, 19.8011, 332821145.688691
12/12/13, 20.0765, 20.1907, 20.0011, 20.0193, 262289260.721562
12/11/13, 20.25, 20.3918, 19.9889, 20.0486, 359718784.532092
12/10/13, 20.1279, 20.2814, 20.0429, 20.1982, 278270428.034372
12/09/13, 20.0321, 20.3421, 20.0321, 20.2296, 320494146.218752
12/06/13, 20.2068, 20.2411, 19.9846, 20.0007, 344353505.192799
12/05/13, 20.4518, 20.5406, 20.2289, 20.2822, 447581380.754001
12/04/13, 20.1964, 20.3282, 20.0293, 20.1786, 377810675.754141
12/03/13, 19.9393, 20.2279, 19.9171, 20.2258, 450966860.608425
12/02/13, 19.9286, 20.1546, 19.6721, 19.6868, 472543687.680621
11/29/13, 19.6243, 19.9404, 19.5646, 19.8596, 318128986.320454
11/27/13, 19.1539, 19.50, 19.05, 19.4986, 363447264.371768
11/26/13, 18.7186, 19.1479, 18.7143, 19.05, 401382782.74054
11/25/13, 18.6079, 18.7811, 18.6071, 18.705, 229393602.136075
11/22/13, 18.5543, 18.6486, 18.5189, 18.5643, 223724918.379828
11/21/13, 18.4857, 18.6146, 18.3454, 18.612, 262027432.73282
11/20/13, 18.5439, 18.5864, 18.3689, 18.3929, 194183183.650123
11/19/13, 18.5368, 18.6921, 18.4989, 18.5554, 208938819.015631
11/18/13, 18.7496, 18.8282, 18.5071, 18.5225, 244944885.46737
11/15/13, 18.8064, 18.8961, 18.7318, 18.7497, 317918986.329484
11/14/13, 18.6718, 18.9029, 18.6382, 18.8629, 282420307.855927
11/13/13, 18.50, 18.6518, 18.4629, 18.5941, 197219699.519553
11/12/13, 18.4882, 18.7114, 18.4643, 18.5718, 204458595.20828
11/11/13, 18.5711, 18.6311, 18.3718, 18.5374, 227453202.219512
11/08/13, 18.3779, 18.6118, 18.3068, 18.5914, 279318131.98932
11/07/13, 18.5564, 18.6854, 18.2993, 18.3033, 262620388.707323
11/06/13, 18.7196, 18.745, 18.5071, 18.6043, 223376598.394806
11/05/13, 18.735, 18.8888, 18.6786, 18.766, 265472272.584692
11/04/13, 18.6107, 18.815, 18.5289, 18.8125, 244628121.480991
11/01/13, 18.715, 18.7429, 18.4229, 18.5725, 274889204.179764
10/31/13, 18.75, 18.8389, 18.6168, 18.6679, 275695128.145109
10/30/13, 18.5575, 18.84, 18.465, 18.7463, 354162744.771002
10/29/13, 19.1525, 19.2589, 18.3764, 18.4528, 635808544.660233
10/28/13, 18.8943, 18.9643, 18.6861, 18.9241, 550440496.331059
10/25/13, 18.9755, 19.0439, 18.7539, 18.7842, 337792545.474921
10/24/13, 18.75, 19.0168, 18.6589, 18.9968, 384764503.455126
10/23/13, 18.5357, 18.7739, 18.5357, 18.7486, 313724586.509843
10/22/13, 18.8002, 18.8732, 18.1439, 18.5667, 534063017.03529
10/21/13, 18.2775, 18.725, 18.2686, 18.6201, 398107902.88136
10/18/13, 18.0711, 18.1879, 18.0611, 18.1746, 290542267.506682
10/17/13, 17.8564, 18.0279, 17.8457, 18.0179, 253593329.095487
10/16/13, 17.8854, 17.9475, 17.8296, 17.8969, 251100041.202698
10/15/13, 17.768, 17.9286, 17.6971, 17.81, 320074426.2368
10/14/13, 17.4939, 17.7707, 17.4768, 17.7157, 261898156.738379
10/11/13, 17.3925, 17.6371, 17.3271, 17.6004, 267739740.487191
10/10/13, 17.5471, 17.585, 17.3943, 17.4871, 278601948.020116
10/09/13, 17.3086, 17.4211, 17.0814, 17.3781, 301724907.025829
10/08/13, 17.4979, 17.5229, 17.1621, 17.1764, 290916067.490609
10/07/13, 17.3771, 17.5946, 17.3339, 17.4196, 312292386.571427
10/04/13, 17.2807, 17.3071, 17.0929, 17.2511, 258869508.868611
10/03/13, 17.5182, 17.5839, 17.1692, 17.2646, 322754026.121577
10/02/13, 17.3439, 17.5643, 17.2768, 17.4843, 289183707.565101
10/01/13, 17.0875, 17.4693, 17.085, 17.4271, 353882744.783042
09/30/13, 17.0446, 17.2021, 16.9433, 17.0268, 260157620.813222
09/27/13, 17.2779, 17.3096, 17.1686, 17.2411, 228038906.194327
09/26/13, 17.3571, 17.4486, 17.2821, 17.365, 237220721.799509
09/25/13, 17.4714, 17.4871, 17.1939, 17.1975, 316956654.370864
09/24/13, 17.6743, 17.6954, 17.4221, 17.4679, 364342984.333252
09/23/13, 17.7179, 17.7468, 17.2357, 17.5229, 762106151.229436
09/20/13, 17.0714, 17.0911, 16.6429, 16.6932, 699301397.93004
09/19/13, 16.8107, 16.9939, 16.7589, 16.8679, 404538942.604826
09/18/13, 16.5421, 16.6554, 16.4521, 16.5957, 456861140.354971
09/17/13, 15.9986, 16.4182, 15.9821, 16.2614, 399379102.826699
09/16/13, 16.4643, 16.4861, 15.9721, 16.0757, 548550776.412317
09/13/13, 16.7622, 16.851, 16.5964, 16.6036, 298833627.150154
09/12/13, 16.7321, 16.9786, 16.6432, 16.8818, 404049782.625859
09/11/13, 16.6789, 16.9175, 16.6004, 16.7039, 898693869.356164
09/10/13, 18.0786, 18.1232, 17.4821, 17.6657, 743195540.042592
09/09/13, 18.0357, 18.14, 17.9814, 18.0775, 340686345.350487
09/06/13, 17.8014, 17.835, 17.4982, 17.7936, 359525024.540424
09/05/13, 17.8661, 17.8814, 17.63, 17.6882, 236367505.836197
09/04/13, 17.8414, 17.9371, 17.7243, 17.8104, 345031385.16365
09/03/13, 17.6107, 17.8786, 17.4054, 17.4493, 332100705.71967
08/30/13, 17.5714, 17.6054, 17.375, 17.4006, 272403140.286665
08/29/13, 17.5589, 17.7321, 17.5404, 17.5607, 239654845.694842
08/28/13, 17.3571, 17.7071, 17.3571, 17.532, 307606586.772917
08/27/13, 17.7857, 17.9468, 17.3679, 17.4496, 424188501.759894
08/26/13, 17.8839, 18.2214, 17.875, 17.9632, 330964185.76854
08/23/13, 17.9739, 17.9768, 17.8339, 17.8936, 222728874.422658
08/22/13, 18.035, 18.0568, 17.7929, 17.9629, 244206693.499112
08/21/13, 17.9854, 18.1125, 17.90, 17.9414, 335877345.557274
08/20/13, 18.2039, 18.2346, 17.8864, 17.8954, 358686984.57646
08/19/13, 18.0121, 18.3479, 18.00, 18.1336, 510517790.047735
08/16/13, 17.8625, 17.9621, 17.8164, 17.9404, 362303464.420951
08/15/13, 17.7293, 17.9428, 17.4673, 17.7825, 490293978.917359
08/14/13, 17.7814, 18.0089, 17.6214, 17.8036, 756371527.476024
08/13/13, 16.8193, 17.6664, 16.7161, 17.4846, 881939762.07659
08/12/13, 16.3164, 16.7375, 16.3082, 16.6914, 364433144.329375
08/09/13, 16.38, 16.445, 16.2018, 16.2304, 267620824.492305
08/08/13, 16.5663, 16.575, 16.3554, 16.4646, 255999340.992028
08/07/13, 16.5643, 16.6786, 16.4918, 16.6064, 298855747.149203
08/06/13, 16.715, 16.8532, 16.5061, 16.6161, 334914145.598692
08/05/13, 16.5961, 16.8096, 16.5054, 16.7661, 318854466.289258
08/02/13, 16.3575, 16.5304, 16.3093, 16.5193, 274781292.184404
08/01/13, 16.2769, 16.3143, 16.1879, 16.3099, 206249279.131281
07/31/13, 16.2496, 16.3337, 16.0511, 16.1618, 322957306.112836
07/30/13, 16.07, 16.3268, 16.0439, 16.19, 309422386.694837
07/29/13, 15.7429, 16.0711, 15.7214, 15.9925, 248441189.317029
07/26/13, 15.5464, 15.7514, 15.5121, 15.7496, 200275003.388175
07/25/13, 15.7393, 15.7643, 15.5646, 15.6607, 229682534.123651
07/24/13, 15.6761, 15.8782, 15.545, 15.7325, 592055214.541626
07/23/13, 15.2143, 15.2486, 14.9539, 14.9639, 369393624.116074
07/22/13, 15.3379, 15.3482, 15.1953, 15.2254, 207990375.056414
07/19/13, 15.4679, 15.4993, 15.1554, 15.1768, 268778848.44251
07/18/13, 15.4779, 15.5311, 15.3789, 15.4199, 219043262.58114
07/17/13, 15.3464, 15.4364, 15.2936, 15.3682, 199056219.440583
07/16/13, 15.2329, 15.3825, 15.1489, 15.3641, 216537458.688889
07/15/13, 15.1789, 15.4093, 15.1714, 15.2657, 242172409.586586
07/12/13, 15.2732, 15.3496, 15.1218, 15.2325, 279641811.975402
07/11/13, 15.1054, 15.2946, 15.0418, 15.2603, 326475785.961541
07/10/13, 14.9857, 15.1714, 14.9375, 15.0261, 281403347.899656
07/09/13, 14.7714, 15.125, 14.6564, 15.0839, 352688824.834381
07/08/13, 15.0039, 15.0357, 14.6661, 14.8232, 298313667.172512
07/05/13, 15.0139, 15.1175, 14.8339, 14.9079, 274083028.21443
07/03/13, 15.0307, 15.1064, 14.9089, 15.0286, 240928621.640069
07/02/13, 14.6414, 15.0582, 14.6239, 14.9461, 470086407.786284
07/01/13, 14.3818, 14.7239, 14.3293, 14.615, 391172275.179592
06/28/13, 13.9771, 14.2954, 13.8882, 14.1618, 578637643.118581
06/27/13, 14.2589, 14.3354, 14.055, 14.0636, 337400265.491789
06/26/13, 14.425, 14.4568, 14.1307, 14.2168, 367946304.178309
06/25/13, 14.4893, 14.5639, 14.2439, 14.3796, 314339214.483414
06/24/13, 14.55, 14.595, 14.2161, 14.3764, 480745699.327935
06/21/13, 14.9461, 15.00, 14.575, 14.7679, 481249419.306275
06/20/13, 14.975, 15.2136, 14.8275, 14.8871, 357498104.627582
06/19/13, 15.4071, 15.4164, 15.1071, 15.1071, 311031266.625656
06/18/13, 15.4129, 15.5321, 15.3646, 15.4204, 195161755.608044
06/17/13, 15.4086, 15.5607, 15.3701, 15.4286, 259441800.844003
06/14/13, 15.55, 15.5818, 15.3036, 15.3589, 272083604.300405
06/13/13, 15.4464, 15.6121, 15.3125, 15.5702, 286112387.697167
06/12/13, 15.6964, 15.7589, 15.4107, 15.4354, 265426660.586654
06/11/13, 15.5621, 15.8129, 15.4757, 15.6286, 286383987.685488
06/10/13, 15.8832, 16.0385, 15.60, 15.6746, 450356180.634684
06/07/13, 15.5893, 15.83, 15.4561, 15.779, 404742782.59606
06/06/13, 15.9096, 15.9643, 15.5018, 15.6593, 417073702.065831
06/05/13, 15.9161, 16.0971, 15.8468, 15.8968, 290589307.50466
06/04/13, 16.1864, 16.2296, 15.9782, 16.0468, 292725987.412783
06/03/13, 16.0975, 16.1557, 15.8029, 16.0971, 372351263.988896
05/31/13, 16.1607, 16.325, 16.0536, 16.062, 384300263.475089
05/30/13, 15.9161, 16.2321, 15.8754, 16.1279, 353714464.790278
05/29/13, 15.7143, 15.9821, 15.6929, 15.8911, 330782745.776342
05/28/13, 16.0679, 16.1111, 15.7446, 15.7657, 386144595.395782
05/24/13, 15.7446, 15.9164, 15.7271, 15.8982, 276426516.11366
05/23/13, 15.5696, 15.9343, 15.5639, 15.7907, 353380984.804618
05/22/13, 15.8589, 16.0125, 15.6507, 15.7626, 443259300.93985
05/21/13, 15.6482, 15.91, 15.5071, 15.7021, 456296940.379232
05/20/13, 15.4254, 15.9214, 15.3607, 15.8189, 451575860.582238
05/17/13, 15.6804, 15.7175, 15.3932, 15.4736, 428079381.592587
05/16/13, 15.1157, 15.6375, 14.9607, 15.5206, 603465774.050972
05/15/13, 15.6843, 15.75, 15.0843, 15.3161, 741612392.110667
05/14/13, 16.2089, 16.2571, 15.7911, 15.8521, 447115740.774023
05/13/13, 16.1254, 16.3536, 16.125, 16.2407, 317109226.364303
05/10/13, 16.3561, 16.4182, 16.0886, 16.1775, 334850025.601449
05/09/13, 16.4218, 16.5357, 16.2707, 16.3132, 398749942.853752
05/08/13, 16.3943, 16.6204, 16.2789, 16.5657, 472596019.678371
05/07/13, 16.6061, 16.6339, 16.2036, 16.3806, 483752311.198651
05/06/13, 16.2754, 16.5071, 16.2254, 16.4539, 496640738.644448
05/03/13, 16.1182, 16.1868, 16.0411, 16.0707, 361526996.454339
05/02/13, 15.7779, 16.0211, 15.7368, 15.9114, 422024661.85294
05/01/13, 15.8736, 15.8904, 15.5139, 15.6889, 507154738.192346
04/30/13, 15.5393, 15.9018, 15.4311, 15.8136, 691537530.263886
04/29/13, 15.0161, 15.4863, 15.00, 15.3614, 640324412.46605
04/26/13, 14.6361, 14.956, 14.5804, 14.9002, 764275927.136135
04/25/13, 14.6866, 14.7836, 14.5357, 14.585, 384836743.45202
04/24/13, 14.055, 14.8304, 14.0179, 14.4808, 969833438.297162
04/23/13, 14.4282, 14.585, 14.2432, 14.5046, 664235879.437857
04/22/13, 14.0229, 14.3643, 13.9741, 14.2382, 429917861.513532
04/19/13, 13.8561, 14.2714, 13.7536, 13.9475, 609272693.801274
04/18/13, 14.4639, 14.4925, 13.9194, 14.0018, 666296679.349243
04/17/13, 15.0096, 15.0214, 14.2182, 14.3857, 945053775.362688
04/16/13, 15.0561, 15.2361, 15.0204, 15.2229, 305770906.851851
04/15/13, 15.25, 15.2818, 14.9839, 14.9946, 317518894.346688
04/12/13, 15.5054, 15.5054, 15.3246, 15.35, 238725105.73482
04/11/13, 15.49, 15.6425, 15.40, 15.5118, 328616385.869495
04/10/13, 15.2893, 15.6093, 15.2146, 15.5604, 375926835.835146
04/09/13, 15.2271, 15.3036, 15.0982, 15.2493, 306752586.809639
04/08/13, 15.1732, 15.2679, 15.0889, 15.2218, 301059067.05446
04/05/13, 15.1607, 15.1768, 14.9886, 15.1143, 383693783.501167
04/04/13, 15.4914, 15.5357, 15.1875, 15.2757, 358658424.577688
04/03/13, 15.4061, 15.6171, 15.3682, 15.4282, 363214836.381762
04/02/13, 15.2714, 15.6479, 15.2286, 15.3497, 529772885.219766
04/01/13, 15.7821, 15.8464, 15.2764, 15.3182, 389730023.241609
03/28/13, 16.065, 16.1364, 15.7721, 15.8093, 442982380.951758
03/27/13, 16.3021, 16.3143, 16.0975, 16.1457, 331409133.749407
03/26/13, 16.6229, 16.6371, 16.4475, 16.4691, 294293707.345371
03/25/13, 16.5961, 16.7839, 16.4921, 16.5564, 501133646.451253
03/22/13, 16.235, 16.5036, 16.1825, 16.4968, 395104343.010513
03/21/13, 16.0793, 16.3564, 16.075, 16.1689, 383253623.520094
03/20/13, 16.3364, 16.3439, 16.0568, 16.1457, 308660506.727598
03/19/13, 16.4107, 16.4632, 16.0179, 16.2318, 526773217.348752
03/18/13, 15.7661, 16.3379, 15.7571, 16.2757, 606196305.933559
03/15/13, 15.6404, 15.8654, 15.6161, 15.845, 643959064.30976
03/14/13, 15.4582, 15.5229, 15.3732, 15.4464, 303875026.933374
03/13/13, 15.3018, 15.5179, 15.1914, 15.2982, 405816862.549875
03/12/13, 15.5571, 15.6743, 15.2704, 15.3011, 465909927.965873
03/11/13, 15.3482, 15.6789, 15.1836, 15.6382, 474233459.607961
03/08/13, 15.35, 15.5511, 15.3075, 15.4186, 391595943.161374
03/07/13, 15.1607, 15.4289, 15.0379, 15.3779, 468471311.855734
03/06/13, 15.5182, 15.5446, 15.1582, 15.2022, 460249168.209286
03/05/13, 15.0529, 15.5425, 15.0268, 15.398, 638428252.547585
03/04/13, 15.2786, 15.2929, 14.9643, 15.0018, 582737682.94228
03/01/13, 15.6429, 15.6493, 15.3564, 15.3739, 552447256.244768
02/28/13, 15.8589, 15.9954, 15.7643, 15.7643, 322514906.131859
02/27/13, 16.0154, 16.1586, 15.7375, 15.8775, 587347546.744056
02/26/13, 15.8507, 16.1264, 15.6307, 16.0346, 501496218.435663
02/25/13, 16.2089, 16.2543, 15.8061, 15.8143, 372577783.979155
02/22/13, 16.0446, 16.1286, 15.95, 16.1004, 330654505.781856
02/21/13, 15.9286, 16.0418, 15.815, 15.9307, 447180700.77123
02/20/13, 16.3461, 16.3461, 16.0286, 16.0304, 476299551.519119
02/19/13, 16.4679, 16.5261, 16.2089, 16.4282, 435776861.261595
02/15/13, 16.7446, 16.7914, 16.4257, 16.4343, 391924663.14724
02/14/13, 16.59, 16.8443, 16.5721, 16.6639, 355505932.713245
02/13/13, 16.6861, 16.9157, 16.5436, 16.6789, 475204779.566194
02/12/13, 17.1254, 17.2279, 16.7051, 16.7107, 609050933.81081
02/11/13, 17.0179, 17.3193, 16.9018, 17.1404, 517434069.750335
02/08/13, 16.9286, 17.1004, 16.7232, 16.9636, 633155880.774297
02/07/13, 16.5446, 16.7857, 16.2186, 16.7221, 704580209.703051
02/06/13, 16.3025, 16.6607, 16.1636, 16.3339, 593704162.470721
02/05/13, 15.8589, 16.4193, 15.7936, 16.3516, 573346175.346114
02/04/13, 16.2111, 16.2836, 15.7857, 15.797, 477114939.484058
02/01/13, 16.3968, 16.41, 16.0125, 16.2007, 539468416.802858
01/31/13, 16.3207, 16.4029, 16.2493, 16.2675, 319332986.268682
01/30/13, 16.3214, 16.5214, 16.2321, 16.3154, 417153222.062412
01/29/13, 16.375, 16.4357, 16.1471, 16.3668, 571072015.443903
01/28/13, 15.6366, 16.1861, 15.5664, 16.0654, 785515634.222828
01/25/13, 16.1318, 16.2939, 15.5357, 15.71, 1207973988.05712
01/24/13, 16.4286, 16.6332, 16.0804, 16.0893, 1460851693.18338
01/23/13, 18.1718, 18.3925, 18.0275, 18.3573, 861503402.955354
01/22/13, 18.02, 18.1386, 17.7368, 18.0275, 461544700.153578
01/18/13, 17.8041, 17.9364, 17.7286, 17.8571, 473149019.654592
01/17/13, 18.2254, 18.2411, 17.9296, 17.9529, 453650380.493034
01/16/13, 17.6657, 18.1943, 17.5893, 18.0746, 690800318.295586
01/15/13, 17.7964, 17.8211, 17.2636, 17.3543, 876771774.298814
01/14/13, 17.9529, 18.125, 17.8039, 17.9196, 734177636.430362
01/11/13, 18.6071, 18.7614, 18.5364, 18.5821, 350754892.91754
01/10/13, 18.8768, 18.8829, 18.4114, 18.6968, 601141158.15093
01/09/13, 18.6607, 18.7502, 18.4282, 18.4679, 407599902.473204
01/08/13, 18.9004, 18.9961, 18.6161, 18.7611, 458706900.275603
01/07/13, 18.6429, 18.9036, 18.40, 18.7107, 484152739.181432
01/04/13, 19.1773, 19.2368, 18.7796, 18.8214, 594327414.443921
01/03/13, 19.5671, 19.6311, 19.3214, 19.3606, 352963784.822557
01/02/13, 19.7793, 19.8214, 19.3439, 19.6082, 560499495.898522
12/31/12, 18.2332, 19.1214, 18.1786, 19.0062, 659491251.641876
12/28/12, 18.2246, 18.3743, 18.1471, 18.1996, 354276984.76609
12/27/12, 18.3407, 18.4375, 18.0236, 18.395, 455118700.429896
12/26/12, 18.5357, 18.5521, 18.2543, 18.3214, 302436106.995247
12/24/12, 18.5839, 18.7232, 18.5254, 18.5774, 175747900.44284
12/21/12, 18.3025, 18.5596, 18.2229, 18.5475, 596518162.349719
12/20/12, 18.9286, 18.9357, 18.5314, 18.6332, 481687031.287458
12/19/12, 18.9811, 19.0607, 18.7679, 18.7968, 449361620.67745
12/18/12, 18.75, 19.1036, 18.5804, 19.0679, 625668065.096273
12/17/12, 18.1761, 18.5714, 17.9011, 18.5296, 758944167.365401
12/14/12, 18.3839, 18.5047, 18.0564, 18.2069, 1009578008.58815
12/13/12, 18.9696, 19.2014, 18.7786, 18.9175, 625258453.113886
12/12/12, 19.5632, 19.5714, 19.1525, 19.25, 487132499.053303
12/11/12, 19.2775, 19.6271, 19.1918, 19.3353, 592343642.529224
12/10/12, 18.75, 19.2325, 18.6279, 18.9222, 630482412.889256
12/07/12, 19.7643, 19.8286, 18.9286, 19.0446, 787767058.126016
12/06/12, 18.8907, 19.7611, 18.5225, 19.5444, 1177207113.38009
12/05/12, 20.3182, 20.3304, 19.2418, 19.2426, 1044637395.08059
12/04/12, 20.7786, 20.7786, 20.4332, 20.5659, 557929684.009024
12/03/12, 21.2018, 21.2354, 20.9107, 20.9354, 364276344.336117
11/30/12, 20.9568, 21.0143, 20.81, 20.9029, 391299955.174102
11/29/12, 21.0791, 21.2232, 20.9018, 21.0486, 514698217.867977
11/28/12, 20.6168, 20.9214, 20.4379, 20.8193, 521059789.594429
11/27/12, 21.0554, 21.0864, 20.7179, 20.885, 533313737.067509
11/26/12, 20.5679, 21.0714, 20.4896, 21.0546, 630577640.885162
11/23/12, 20.2561, 20.4286, 20.0929, 20.4107, 272826304.268469
11/21/12, 20.1518, 20.2632, 19.8786, 20.0607, 373227103.951234
11/20/12, 20.4254, 20.4268, 19.8064, 20.0326, 642751452.361688
11/19/12, 19.3111, 20.2679, 19.2814, 20.2046, 823171964.603606
11/16/12, 18.7571, 18.9286, 18.0625, 18.8456, 1266891221.52368
11/15/12, 19.1975, 19.2679, 18.665, 18.7721, 789909674.033884
11/14/12, 19.4821, 19.5518, 19.1493, 19.1743, 477167887.481781
11/13/12, 19.2468, 19.66, 19.1557, 19.3892, 533210417.071952
11/12/12, 19.7911, 19.8036, 19.2375, 19.3868, 515801977.820515
11/09/12, 19.3007, 19.8171, 19.0614, 19.5379, 929906000.014042
11/08/12, 20.0225, 20.0796, 19.1175, 19.2054, 1056145394.58575
11/07/12, 20.4941, 20.5193, 19.8482, 19.9286, 793648765.873103
11/06/12, 21.0796, 21.0979, 20.7175, 20.8161, 374916063.878609
11/05/12, 20.8398, 20.9918, 20.6286, 20.8793, 529284789.240754
11/02/12, 21.2818, 21.3196, 20.5268, 20.60, 599372174.226996
11/01/12, 21.365, 21.5357, 21.2204, 21.305, 361447784.457745
10/31/12, 21.2457, 21.4986, 20.9893, 21.2614, 510001778.069924
10/26/12, 21.7654, 21.9286, 21.1071, 21.5714, 1018423292.2078
10/25/12, 22.1429, 22.2143, 21.6268, 21.7692, 656325543.778002
10/24/12, 22.1943, 22.3768, 21.8086, 22.0296, 558527175.983331
10/23/12, 22.5357, 22.6393, 21.8464, 21.9056, 707144729.592777
10/22/12, 21.8721, 22.6921, 21.8129, 22.6439, 546729684.490624
10/19/12, 22.5375, 22.5632, 21.7721, 21.78, 744084008.004388
10/18/12, 22.8425, 22.9307, 22.50, 22.5943, 476622167.505247
10/17/12, 23.1739, 23.3139, 23.00, 23.0219, 389310583.259645
10/16/12, 22.6918, 23.225, 22.5357, 23.2069, 549771240.359837
10/15/12, 22.5839, 22.6832, 22.2804, 22.67, 432499741.402511
10/12/12, 22.4843, 22.6921, 22.3321, 22.4898, 460014780.219364
10/11/12, 23.0893, 23.1143, 22.4321, 22.4321, 546080308.518547
10/10/12, 22.8479, 23.035, 22.75, 22.8896, 510355698.054705
10/09/12, 22.8089, 22.8746, 22.2696, 22.7089, 838595483.940394
10/08/12, 23.1029, 23.1271, 22.7182, 22.7918, 637979412.566885
10/05/12, 23.7571, 23.7857, 23.26, 23.3068, 594004266.457816
10/04/12, 23.9732, 24.0804, 23.7696, 23.8143, 370755264.057524
10/03/12, 23.745, 23.995, 23.6654, 23.9804, 424278941.756006
10/02/12, 23.6361, 23.7982, 23.2375, 23.6182, 627990412.996412
10/01/12, 23.97, 24.1696, 23.4464, 23.5496, 543583548.625907
09/28/12, 24.2411, 24.3254, 23.8125, 23.8252, 535108256.990345
09/27/12, 23.7246, 24.3632, 23.5839, 24.3329, 594088014.454215
09/26/12, 23.8836, 24.0246, 23.6143, 23.7564, 576703683.201742
09/25/12, 24.5807, 24.7421, 24.0357, 24.055, 518761885.693239
09/24/12, 24.5307, 24.8257, 24.3929, 24.6711, 639744784.490974
09/21/12, 25.0861, 25.1811, 24.9772, 25.0034, 571588307.421703
09/20/12, 24.97, 25.0021, 24.7721, 24.9536, 336567853.527582
09/19/12, 25.0093, 25.1425, 24.9846, 25.075, 326859945.945022
09/18/12, 24.9957, 25.0832, 24.8721, 25.0682, 373502623.939387
09/17/12, 24.9768, 24.9929, 24.8075, 24.9922, 398030034.884708
09/14/12, 24.6413, 24.8921, 24.5675, 24.6886, 600473162.179654
09/13/12, 24.1918, 24.4821, 24.0989, 24.3921, 598358546.270583
09/12/12, 23.8161, 23.925, 23.4286, 23.9211, 712218021.374625
09/11/12, 23.7539, 23.9321, 23.4464, 23.5925, 503939498.330602
09/10/12, 24.3018, 24.4032, 23.6464, 23.6693, 487995459.016195
09/07/12, 24.2161, 24.3743, 24.1346, 24.3014, 329664705.824418
09/06/12, 24.0418, 24.2246, 23.9571, 24.1525, 391382583.170549
09/05/12, 24.1275, 24.1554, 23.9143, 23.9368, 336362025.536433
09/04/12, 23.7771, 24.1121, 23.7321, 24.1061, 367890584.180705
08/31/12, 23.8304, 23.8786, 23.4732, 23.7586, 338318413.452308
08/30/12, 23.9514, 23.9841, 23.6733, 23.7096, 302691186.984279
08/29/12, 24.1161, 24.2025, 24.0214, 24.0524, 202804327.279414
08/28/12, 24.1063, 24.1464, 23.9526, 24.10, 267377280.502777
08/27/12, 24.2854, 24.3168, 24.055, 24.1314, 426914301.642685
08/24/12, 23.5539, 23.91, 23.4125, 23.6865, 437336461.194532
08/23/12, 23.7896, 23.925, 23.6125, 23.6654, 420118141.93492
08/22/12, 23.3721, 23.8929, 23.1468, 23.8882, 565322495.691133
08/21/12, 23.9579, 24.1029, 23.2261, 23.4308, 812705005.053685
08/20/12, 23.2146, 23.7554, 23.2107, 23.7554, 613382729.624543
08/17/12, 22.8571, 23.1496, 22.8146, 23.1468, 442759500.961342
08/16/12, 22.5432, 22.7414, 22.5179, 22.7264, 254776805.044597
08/15/12, 22.5464, 22.6429, 22.4196, 22.5296, 257509100.927109
08/14/12, 22.5668, 22.8075, 22.5075, 22.5604, 340167225.372809
08/13/12, 22.2639, 22.50, 22.2589, 22.50, 278829812.010318
08/10/12, 22.0968, 22.2057, 22.0964, 22.2036, 195060171.612413
08/09/12, 22.0661, 22.2046, 22.0643, 22.1689, 221810334.462156
08/08/12, 22.1211, 22.2814, 22.0393, 22.1379, 244704309.477715
08/07/12, 22.2418, 22.3214, 22.0729, 22.1755, 290510067.508067
08/06/12, 22.0461, 22.3167, 21.9736, 22.2339, 302319907.000244
08/03/12, 21.9154, 22.0707, 21.8414, 21.9893, 344914345.168683
08/02/12, 21.53, 21.8104, 21.4375, 21.7068, 332248825.7133
08/01/12, 21.9966, 22.0143, 21.5357, 21.6718, 384499063.46654
07/31/12, 21.5439, 21.8464, 21.5257, 21.8129, 462326740.11995
07/30/12, 21.1043, 21.4086, 20.9936, 21.2511, 379139863.696986
07/27/12, 20.5361, 20.9225, 20.4139, 20.8986, 404052862.625727
07/26/12, 20.7057, 20.7286, 20.37, 20.5314, 406810302.507157
07/25/12, 20.5164, 20.7429, 20.3571, 20.5346, 877257294.277936
07/24/12, 21.6921, 21.7743, 21.3754, 21.4614, 565132067.699321
07/23/12, 21.2286, 21.6393, 20.9896, 21.5654, 487975271.017063
07/20/12, 21.8939, 21.9443, 21.5607, 21.5821, 397469782.908799
07/19/12, 21.8314, 21.9768, 21.6429, 21.94, 436858221.215097
07/18/12, 21.6639, 21.7264, 21.5557, 21.6521, 252699541.13392
07/17/12, 21.8139, 21.8393, 21.5411, 21.6764, 293812107.366079
07/16/12, 21.6114, 21.8436, 21.6079, 21.6754, 301305467.043865
07/13/12, 21.5339, 21.6854, 21.4286, 21.6061, 311617866.600432
07/12/12, 21.4371, 21.5525, 21.1671, 21.3893, 427988661.596488
07/11/12, 21.6471, 21.7021, 21.3293, 21.5868, 469317499.819348
07/10/12, 22.0704, 22.1382, 21.6182, 21.7218, 511957549.985825
07/09/12, 21.6179, 21.925, 21.5754, 21.9246, 379400823.685765
07/06/12, 21.6818, 21.73, 21.485, 21.6386, 419028661.981768
07/05/12, 21.4486, 21.9407, 21.4161, 21.7836, 484380407.171643
07/03/12, 21.2457, 21.4286, 21.2143, 21.4075, 241712649.606356
07/02/12, 20.8832, 21.1954, 20.8429, 21.1614, 400091142.796081
06/29/12, 20.6429, 20.8571, 20.5089, 20.8571, 421440021.878079
06/28/12, 20.4168, 20.50, 20.2004, 20.3232, 283042187.829186
06/27/12, 20.5357, 20.5979, 20.4257, 20.5179, 203059071.26846
06/26/12, 20.4046, 20.5175, 20.2618, 20.4295, 276749972.099751
06/25/12, 20.6179, 20.7071, 20.3704, 20.3845, 304354666.912749
06/22/12, 20.68, 20.7925, 20.5507, 20.7893, 284745147.755959
06/21/12, 20.9086, 21.0079, 20.6229, 20.6311, 326504905.960289
06/20/12, 21.0075, 21.0446, 20.7429, 20.9193, 359158504.556184
06/19/12, 20.8357, 21.0714, 20.825, 20.9789, 361403796.459637
06/18/12, 20.3914, 20.9961, 20.3704, 20.9207, 440411141.062321
06/15/12, 20.3929, 20.5221, 20.3411, 20.5046, 335253505.584099
06/14/12, 20.4014, 20.4821, 20.2593, 20.4118, 345841145.128831
06/13/12, 20.5186, 20.66, 20.3707, 20.4343, 293772907.367765
06/12/12, 20.5164, 20.5936, 20.2393, 20.5771, 435579741.270071
06/11/12, 20.99, 21.0179, 20.3796, 20.3989, 591262730.575703
06/08/12, 20.4143, 20.7351, 20.3214, 20.7257, 347491465.057867
06/07/12, 20.6175, 20.6186, 20.375, 20.4186, 379972583.661179
06/06/12, 20.2775, 20.4946, 20.1964, 20.4093, 401449142.737687
06/05/12, 20.0454, 20.2311, 19.9404, 20.1011, 388213543.306818
06/04/12, 20.0536, 20.2679, 19.5893, 20.1532, 556988492.049495
06/01/12, 20.3271, 20.4518, 20.0186, 20.0354, 520980269.597848